260,289
260,303
260,304
260,306
260,307
261,289
261,294
261,303
261,304
261,305
261,306
261,307
261,309
262,280
262,294
262,300
262,304
262,305
262,306
262,307
262,308
262,309
262,310
262,311
262,312
262,315
263,290
263,295
263,296
263,297
263,303
263,304
263,306
263,307
263,308
263,309
263,310
263,311
263,312
263,313
263,314
263,315
264,291
264,293
264,297
264,302
264,303
264,304
264,305
264,306
264,307
264,308
264,309
264,311
264,312
264,313
264,316
265,277
265,283
265,293
265,295
265,303
265,305
265,306
265,307
265,308
265,309
265,310
265,311
265,312
265,313
265,316
265,324
266,275
266,282
266,290
266,291
266,296
266,301
266,303
266,304
266,305
266,308
266,309
266,311
266,312
266,313
266,323
266,324
267,266
267,268
267,269
267,270
267,272
267,274
267,275
267,301
267,305
267,306
267,307
267,308
267,310
267,311
268,265
268,266
268,267
268,268
268,269
268,270
268,271
268,275
268,278
268,287
268,293
268,295
268,296
268,305
268,306
268,309
268,310
268,311
268,318
268,321
268,323
269,265
269,266
269,267
269,268
269,269
269,270
269,271
269,274
269,277
269,278
269,285
269,287
269,302
269,303
269,304
269,305
269,306
269,310
269,312
269,323
270,267
270,268
270,269
270,270
270,271
270,275
270,279
270,289
270,291
270,301
270,304
270,305
270,306
270,307
270,308
270,309
270,310
270,314
270,316
270,319
270,329
270,334
271,260
271,269
271,271
271,272
271,278
271,282
271,284
271,287
271,292
271,293
271,295
271,296
271,298
271,300
271,305
271,306
271,307
271,314
271,317
271,320
271,331
271,332
272,262
272,265
272,271
272,274
272,295
272,298
272,300
272,302
272,303
272,305
272,306
272,307
272,315
272,322
272,332
273,270
273,275
273,276
273,277
273,293
273,295
273,299
273,304
273,305
273,306
273,314
273,316
273,322
273,328
273,332
273,337
274,264
274,275
274,276
274,277
274,281
274,287
274,290
274,291
274,295
274,304
274,305
274,309
274,310
274,311
274,314
274,315
274,316
274,318
274,323
274,331
274,332
274,333
275,255
275,258
275,274
275,278
275,281
275,285
275,288
275,293
275,295
275,296
275,303
275,304
275,305
275,306
275,307
275,308
275,309
275,315
275,319
275,321
275,342
275,344
275,345
276,260
276,265
276,274
276,276
276,288
276,293
276,294
276,297
276,299
276,304
276,305
276,306
276,308
276,311
276,313
276,314
276,322
276,327
276,330
276,333
276,335
276,336
276,339
276,344
276,345
277,257
277,264
277,265
277,267
277,269
277,282
277,283
277,284
277,287
277,290
277,293
277,295
277,300
277,303
277,307
277,308
277,309
277,311
277,312
277,314
277,315
277,323
277,330
277,331
277,334
277,337
277,338
277,341
277,345
277,346
278,254
278,256
278,266
278,269
278,270
278,274
278,279
278,283
278,286
278,288
278,291
278,293
278,294
278,296
278,297
278,303
278,304
278,305
278,306
278,307
278,308
278,309
278,310
278,312
278,313
278,314
278,316
278,325
278,335
278,336
278,337
278,344
279,254
279,257
279,263
279,266
279,276
279,277
279,282
279,283
279,284
279,285
279,286
279,289
279,290
279,291
279,294
279,296
279,297
279,300
279,301
279,303
279,304
279,305
279,308
279,309
279,311
279,313
279,315
279,316
279,321
279,322
279,327
279,330
279,338
279,341
280,262
280,267
280,269
280,270
280,273
280,277
280,280
280,281
280,283
280,293
280,298
280,299
280,302
280,304
280,305
280,308
280,309
280,310
280,312
280,315
280,316
280,317
280,318
280,329
280,332
280,335
280,338
280,345
281,249
281,261
281,263
281,266
281,269
281,271
281,273
281,274
281,277
281,278
281,283
281,285
281,286
281,292
281,293
281,295
281,296
281,301
281,303
281,304
281,305
281,307
281,309
281,312
281,313
281,314
281,315
281,317
281,319
281,321
281,323
281,332
281,333
281,334
282,259
282,261
282,262
282,264
282,265
282,271
282,280
282,281
282,282
282,284
282,285
282,288
282,291
282,293
282,296
282,297
282,298
282,301
282,302
282,304
282,305
282,306
282,307
282,309
282,313
282,314
282,315
282,317
282,319
282,322
282,330
282,331
282,332
282,334
282,335
282,337
283,245
283,254
283,255
283,258
283,260
283,265
283,269
283,270
283,273
283,280
283,284
283,286
283,287
283,289
283,292
283,295
283,297
283,299
283,301
283,303
283,304
283,306
283,307
283,308
283,309
283,311
283,312
283,313
283,315
283,318
283,322
283,323
283,324
283,325
283,327
283,328
283,331
283,333
283,334
283,336
283,337
283,338
283,340
283,343
284,256
284,257
284,261
284,262
284,264
284,266
284,267
284,270
284,272
284,273
284,274
284,279
284,281
284,283
284,284
284,288
284,291
284,293
284,295
284,296
284,299
284,300
284,301
284,302
284,303
284,305
284,306
284,307
284,308
284,310
284,311
284,312
284,314
284,321
284,324
284,327
284,328
284,331
284,332
284,334
284,336
284,337
284,338
284,340
284,341
285,251
285,263
285,269
285,277
285,281
285,284
285,290
285,292
285,293
285,294
285,296
285,298
285,300
285,301
285,305
285,307
285,308
285,309
285,310
285,311
285,313
285,314
285,316
285,319
285,320
285,322
285,326
285,327
285,329
285,330
285,332
285,333
285,334
285,335
285,338
285,339
285,341
286,243
286,247
286,252
286,258
286,261
286,266
286,267
286,271
286,273
286,282
286,284
286,285
286,288
286,290
286,292
286,294
286,295
286,296
286,299
286,303
286,306
286,307
286,314
286,315
286,316
286,317
286,318
286,321
286,326
286,330
286,331
286,332
286,337
286,339
286,340
286,341
287,253
287,255
287,257
287,261
287,268
287,270
287,271
287,279
287,284
287,286
287,287
287,290
287,292
287,294
287,295
287,297
287,298
287,299
287,301
287,302
287,303
287,304
287,305
287,308
287,309
287,311
287,312
287,314
287,315
287,316
287,317
287,318
287,320
287,321
287,324
287,325
287,326
287,327
287,328
287,329
287,330
287,332
287,338
287,341
287,342
287,344
287,345
287,346
287,349
288,252
288,255
288,256
288,264
288,268
288,271
288,274
288,275
288,276
288,278
288,279
288,280
288,282
288,284
288,287
288,289
288,292
288,294
288,296
288,298
288,299
288,300
288,302
288,303
288,305
288,308
288,309
288,311
288,313
288,316
288,317
288,319
288,321
288,323
288,324
288,326
288,327
288,328
288,330
288,336
288,337
288,341
288,342
288,344
288,346
288,349
289,249
289,260
289,261
289,267
289,268
289,269
289,271
289,272
289,275
289,276
289,277
289,278
289,283
289,284
289,285
289,286
289,288
289,291
289,292
289,295
289,297
289,300
289,303
289,304
289,305
289,309
289,310
289,312
289,315
289,316
289,317
289,318
289,319
289,320
289,322
289,325
289,328
289,332
289,334
289,337
289,341
289,343
289,348
290,240
290,245
290,246
290,254
290,255
290,259
290,264
290,265
290,268
290,269
290,273
290,274
290,280
290,282
290,283
290,284
290,285
290,287
290,291
290,292
290,293
290,294
290,295
290,296
290,297
290,299
290,303
290,306
290,310
290,311
290,312
290,316
290,317
290,319
290,321
290,324
290,327
290,328
290,331
290,334
290,335
290,337
290,341
290,343
290,350
291,252
291,255
291,256
291,259
291,267
291,268
291,270
291,272
291,274
291,276
291,278
291,279
291,283
291,285
291,289
291,290
291,291
291,292
291,294
291,297
291,299
291,300
291,301
291,302
291,304
291,305
291,307
291,310
291,312
291,313
291,315
291,316
291,317
291,319
291,320
291,328
291,329
291,330
291,333
291,341
291,346
291,347
291,348
291,350
291,351
292,241
292,250
292,252
292,253
292,254
292,257
292,258
292,260
292,261
292,262
292,263
292,265
292,266
292,267
292,268
292,269
292,270
292,278
292,283
292,284
292,285
292,286
292,288
292,289
292,290
292,291
292,292
292,294
292,295
292,296
292,298
292,300
292,301
292,302
292,304
292,308
292,309
292,312
292,314
292,317
292,318
292,319
292,321
292,323
292,324
292,332
292,338
292,343
292,347
292,348
292,349
293,242
293,243
293,256
293,258
293,260
293,261
293,263
293,264
293,265
293,266
293,268
293,269
293,271
293,272
293,274
293,275
293,277
293,280
293,281
293,282
293,283
293,284
293,285
293,287
293,290
293,292
293,293
293,295
293,296
293,297
293,301
293,303
293,304
293,305
293,306
293,309
293,311
293,313
293,314
293,316
293,320
293,322
293,325
293,330
293,331
293,332
293,333
293,341
293,343
294,239
294,242
294,243
294,245
294,247
294,248
294,254
294,255
294,257
294,258
294,260
294,262
294,263
294,264
294,265
294,266
294,269
294,270
294,271
294,273
294,274
294,276
294,280
294,281
294,282
294,284
294,286
294,288
294,289
294,292
294,293
294,295
294,296
294,299
294,304
294,305
294,306
294,307
294,308
294,310
294,313
294,315
294,317
294,318
294,319
294,320
294,325
294,326
294,329
294,332
294,333
294,334
294,336
294,337
294,341
294,342
295,236
295,237
295,238
295,239
295,240
295,241
295,242
295,243
295,245
295,246
295,248
295,251
295,252
295,254
295,255
295,256
295,259
295,261
295,262
295,264
295,265
295,266
295,267
295,268
295,269
295,270
295,271
295,274
295,275
295,276
295,277
295,281
295,283
295,284
295,285
295,286
295,287
295,288
295,289
295,290
295,291
295,292
295,294
295,296
295,297
295,299
295,300
295,302
295,305
295,306
295,307
295,309
295,311
295,312
295,314
295,321
295,322
295,324
295,325
295,327
295,328
295,331
295,333
295,334
295,335
295,336
295,339
295,340
295,341
295,342
295,344
295,345
296,235
296,236
296,237
296,238
296,239
296,240
296,241
296,242
296,244
296,245
296,246
296,252
296,253
296,254
296,255
296,258
296,259
296,261
296,262
296,263
296,265
296,267
296,268
296,270
296,271
296,273
296,277
296,278
296,281
296,283
296,284
296,285
296,286
296,287
296,288
296,291
296,294
296,295
296,296
296,299
296,300
296,301
296,304
296,306
296,307
296,310
296,311
296,313
296,314
296,319
296,320
296,323
296,326
296,327
296,328
296,329
296,330
296,331
296,333
296,338
296,340
296,341
296,343
296,344
296,345
296,346
296,348
296,349
296,350
296,351
297,236
297,237
297,238
297,239
297,241
297,242
297,243
297,245
297,247
297,249
297,250
297,251
297,252
297,254
297,255
297,256
297,257
297,260
297,263
297,264
297,265
297,266
297,268
297,270
297,271
297,275
297,277
297,280
297,282
297,286
297,287
297,289
297,290
297,292
297,294
297,295
297,296
297,297
297,298
297,300
297,301
297,305
297,306
297,307
297,309
297,310
297,312
297,313
297,315
297,317
297,320
297,323
297,324
297,325
297,327
297,328
297,331
297,333
297,336
297,337
297,339
297,341
297,342
297,344
297,345
297,346
298,235
298,236
298,239
298,240
298,241
298,242
298,243
298,244
298,245
298,246
298,247
298,248
298,249
298,250
298,251
298,253
298,254
298,255
298,256
298,259
298,261
298,265
298,266
298,267
298,268
298,269
298,270
298,271
298,273
298,274
298,275
298,277
298,278
298,280
298,281
298,282
298,283
298,285
298,287
298,288
298,289
298,290
298,291
298,292
298,293
298,294
298,295
298,298
298,300
298,302
298,303
298,304
298,305
298,306
298,307
298,308
298,309
298,312
298,313
298,315
298,316
298,317
298,319
298,321
298,323
298,324
298,325
298,326
298,329
298,330
298,331
298,332
298,336
298,337
298,338
298,339
298,340
298,341
298,342
298,343
298,344
298,345
298,346
298,347
298,348
298,349
298,350
299,234
299,235
299,236
299,237
299,238
299,239
299,240
299,241
299,243
299,245
299,246
299,247
299,248
299,249
299,250
299,251
299,252
299,253
299,254
299,255
299,256
299,257
299,258
299,259
299,260
299,261
299,262
299,273
299,277
299,278
299,279
299,280
299,281
299,282
299,283
299,284
299,286
299,287
299,288
299,291
299,292
299,293
299,294
299,295
299,296
299,297
299,299
299,300
299,301
299,303
299,304
299,305
299,306
299,307
299,308
299,311
299,313
299,315
299,316
299,317
299,321
299,322
299,323
299,324
299,325
299,330
299,331
299,332
299,339
299,341
299,342
299,345
299,346
299,347
299,348
299,349
299,350
300,234
300,235
300,236
300,237
300,238
300,239
300,241
300,242
300,243
300,244
300,245
300,246
300,247
300,249
300,250
300,251
300,252
300,254
300,255
300,256
300,258
300,259
300,260
300,262
300,263
300,266
300,267
300,270
300,272
300,273
300,275
300,276
300,278
300,281
300,282
300,283
300,288
300,289
300,290
300,292
300,293
300,298
300,299
300,300
300,301
300,302
300,303
300,304
300,305
300,310
300,311
300,313
300,314
300,315
300,316
300,318
300,323
300,325
300,326
300,329
300,331
300,338
300,339
300,340
300,341
300,342
300,344
300,345
300,347
300,348
300,349
301,236
301,237
301,238
301,239
301,240
301,242
301,243
301,244
301,245
301,246
301,247
301,250
301,251
301,252
301,253
301,254
301,256
301,257
301,258
301,259
301,261
301,262
301,264
301,270
301,271
301,272
301,273
301,276
301,278
301,282
301,283
301,284
301,287
301,288
301,289
301,290
301,291
301,292
301,294
301,295
301,296
301,297
301,298
301,299
301,302
301,303
301,305
301,306
301,307
301,308
301,310
301,312
301,313
301,314
301,316
301,320
301,321
301,322
301,329
301,330
301,333
301,338
301,344
301,345
301,347
302,236
302,237
302,238
302,239
302,240
302,243
302,244
302,246
302,247
302,248
302,249
302,250
302,251
302,253
302,257
302,258
302,259
302,260
302,261
302,263
302,267
302,268
302,269
302,271
302,274
302,275
302,280
302,284
302,285
302,286
302,290
302,291
302,292
302,296
302,297
302,298
302,300
302,301
302,302
302,304
302,309
302,310
302,311
302,313
302,314
302,315
302,323
302,324
302,325
302,326
302,327
302,331
302,333
302,335
302,336
302,337
302,339
302,343
302,347
303,236
303,237
303,238
303,239
303,240
303,241
303,242
303,243
303,244
303,245
303,246
303,248
303,249
303,251
303,252
303,253
303,255
303,257
303,258
303,260
303,264
303,265
303,266
303,268
303,270
303,271
303,272
303,274
303,275
303,276
303,277
303,278
303,279
303,281
303,282
303,285
303,286
303,287
303,297
303,298
303,301
303,305
303,307
303,309
303,314
303,320
303,325
303,329
303,330
303,331
303,332
303,333
303,337
303,344
303,351
303,355
303,356
304,235
304,236
304,237
304,238
304,239
304,240
304,242
304,243
304,244
304,245
304,247
304,249
304,250
304,251
304,253
304,254
304,255
304,256
304,258
304,259
304,260
304,261
304,262
304,263
304,264
304,268
304,270
304,272
304,274
304,275
304,276
304,277
304,278
304,280
304,282
304,283
304,284
304,285
304,286
304,288
304,289
304,292
304,294
304,296
304,303
304,304
304,306
304,307
304,309
304,310
304,311
304,314
304,316
304,317
304,319
304,320
304,325
304,326
304,327
304,328
304,329
304,330
304,332
304,336
304,342
304,353
305,237
305,238
305,239
305,240
305,241
305,242
305,243
305,246
305,247
305,248
305,249
305,250
305,251
305,253
305,254
305,257
305,259
305,260
305,263
305,265
305,267
305,269
305,270
305,271
305,272
305,274
305,275
305,276
305,277
305,278
305,279
305,280
305,281
305,285
305,286
305,289
305,290
305,291
305,294
305,297
305,299
305,300
305,302
305,303
305,304
305,305
305,306
305,307
305,308
305,310
305,311
305,316
305,317
305,320
305,321
305,323
305,324
305,325
305,329
305,330
305,332
305,333
305,335
306,240
306,241
306,242
306,243
306,244
306,245
306,246
306,248
306,249
306,250
306,251
306,254
306,257
306,258
306,259
306,262
306,263
306,264
306,265
306,266
306,269
306,271
306,273
306,278
306,285
306,288
306,290
306,292
306,293
306,298
306,300
306,301
306,303
306,304
306,307
306,308
306,310
306,311
306,312
306,313
306,315
306,317
306,318
306,319
306,322
306,323
306,324
306,325
306,326
306,327
306,329
306,330
306,333
306,334
306,338
306,339
306,340
306,344
307,239
307,240
307,241
307,242
307,243
307,244
307,246
307,248
307,250
307,251
307,252
307,253
307,254
307,255
307,256
307,257
307,259
307,261
307,262
307,263
307,266
307,267
307,271
307,272
307,273
307,274
307,275
307,280
307,283
307,284
307,286
307,289
307,290
307,291
307,293
307,298
307,299
307,301
307,302
307,303
307,304
307,305
307,306
307,309
307,313
307,314
307,315
307,316
307,319
307,321
307,322
307,323
307,325
307,326
307,328
307,329
307,330
307,331
307,333
307,334
307,336
307,337
307,338
308,240
308,242
308,243
308,244
308,245
308,246
308,247
308,248
308,250
308,251
308,252
308,253
308,255
308,257
308,260
308,261
308,262
308,263
308,264
308,265
308,266
308,267
308,270
308,271
308,272
308,274
308,275
308,276
308,278
308,279
308,287
308,288
308,289
308,290
308,291
308,295
308,296
308,298
308,303
308,305
308,306
308,307
308,308
308,309
308,311
308,313
308,314
308,315
308,318
308,320
308,322
308,324
308,326
308,327
308,328
308,330
308,332
308,335
308,336
308,339
308,342
308,351
309,237
309,238
309,239
309,240
309,241
309,242
309,243
309,244
309,245
309,246
309,247
309,248
309,249
309,250
309,251
309,252
309,253
309,254
309,256
309,258
309,259
309,265
309,267
309,268
309,269
309,270
309,273
309,274
309,275
309,277
309,279
309,284
309,286
309,287
309,289
309,292
309,295
309,296
309,297
309,299
309,300
309,301
309,303
309,306
309,307
309,308
309,310
309,312
309,313
309,314
309,317
309,320
309,323
309,324
309,326
309,327
309,328
309,329
309,330
309,331
309,333
309,334
309,335
309,336
309,337
309,338
309,339
309,340
309,345
309,349
309,350
310,238
310,239
310,241
310,242
310,243
310,244
310,245
310,246
310,247
310,249
310,250
310,252
310,253
310,254
310,255
310,256
310,257
310,258
310,259
310,260
310,261
310,262
310,263
310,264
310,265
310,266
310,267
310,268
310,271
310,272
310,275
310,277
310,278
310,279
310,283
310,286
310,287
310,291
310,292
310,294
310,296
310,297
310,299
310,302
310,303
310,304
310,305
310,306
310,307
310,309
310,312
310,313
310,314
310,315
310,317
310,318
310,320
310,321
310,322
310,323
310,324
310,325
310,326
310,327
310,329
310,330
310,331
310,333
310,334
310,335
310,337
310,338
310,339
310,342
310,353
311,240
311,241
311,242
311,244
311,246
311,247
311,248
311,249
311,252
311,254
311,255
311,257
311,260
311,261
311,262
311,263
311,264
311,266
311,267
311,268
311,269
311,270
311,271
311,272
311,273
311,274
311,277
311,279
311,280
311,283
311,289
311,293
311,294
311,295
311,300
311,301
311,302
311,303
311,304
311,305
311,307
311,311
311,315
311,316
311,321
311,324
311,325
311,326
311,327
311,328
311,329
311,331
311,332
311,336
311,337
311,338
311,339
311,340
311,344
311,346
312,239
312,240
312,241
312,242
312,243
312,244
312,245
312,246
312,247
312,248
312,249
312,251
312,253
312,255
312,258
312,259
312,260
312,261
312,262
312,263
312,264
312,265
312,266
312,267
312,268
312,270
312,271
312,273
312,275
312,276
312,278
312,279
312,280
312,281
312,285
312,289
312,290
312,291
312,294
312,295
312,298
312,299
312,301
312,302
312,305
312,310
312,311
312,314
312,315
312,320
312,326
312,328
312,332
312,333
312,334
312,335
312,336
312,337
312,338
312,339
312,340
312,341
313,238
313,239
313,241
313,242
313,243
313,244
313,245
313,246
313,249
313,250
313,251
313,253
313,254
313,255
313,259
313,261
313,262
313,263
313,264
313,265
313,266
313,270
313,271
313,272
313,274
313,276
313,277
313,278
313,279
313,280
313,281
313,282
313,284
313,285
313,291
313,292
313,293
313,296
313,297
313,298
313,301
313,302
313,303
313,304
313,305
313,307
313,308
313,309
313,310
313,317
313,318
313,319
313,321
313,322
313,323
313,324
313,325
313,326
313,327
313,328
313,329
313,331
313,332
313,333
313,334
313,335
313,336
313,337
313,338
313,339
313,340
313,342
314,238
314,239
314,240
314,241
314,242
314,243
314,244
314,245
314,246
314,247
314,248
314,249
314,250
314,251
314,252
314,255
314,256
314,259
314,261
314,262
314,263
314,265
314,266
314,267
314,269
314,271
314,273
314,278
314,281
314,289
314,290
314,291
314,292
314,296
314,297
314,298
314,299
314,300
314,301
314,303
314,304
314,305
314,306
314,308
314,311
314,314
314,315
314,316
314,318
314,320
314,324
314,325
314,327
314,329
314,330
314,331
314,332
314,337
314,338
314,339
314,340
314,341
314,342
315,239
315,240
315,241
315,242
315,243
315,246
315,247
315,248
315,249
315,250
315,255
315,256
315,259
315,260
315,261
315,263
315,264
315,265
315,267
315,268
315,269
315,270
315,271
315,273
315,275
315,278
315,279
315,281
315,283
315,284
315,286
315,288
315,289
315,291
315,292
315,295
315,296
315,298
315,299
315,302
315,304
315,306
315,308
315,310
315,311
315,312
315,314
315,317
315,318
315,319
315,320
315,322
315,324
315,325
315,326
315,327
315,329
315,330
315,331
315,332
315,333
315,334
315,338
315,339
315,340
315,341
315,342
315,343
316,238
316,240
316,241
316,243
316,244
316,245
316,246
316,247
316,248
316,249
316,250
316,255
316,256
316,257
316,258
316,259
316,260
316,261
316,262
316,263
316,264
316,267
316,270
316,272
316,276
316,280
316,282
316,283
316,288
316,289
316,291
316,292
316,294
316,295
316,296
316,299
316,301
316,302
316,303
316,304
316,306
316,307
316,308
316,310
316,311
316,313
316,315
316,316
316,318
316,320
316,321
316,324
316,325
316,326
316,327
316,329
316,330
316,331
316,332
316,333
316,334
316,335
316,338
316,339
316,340
316,341
316,342
316,343
316,344
316,345
317,239
317,240
317,241
317,242
317,243
317,244
317,245
317,246
317,247
317,248
317,253
317,254
317,255
317,256
317,257
317,259
317,260
317,261
317,262
317,265
317,266
317,267
317,268
317,270
317,274
317,276
317,278
317,280
317,282
317,288
317,289
317,290
317,292
317,293
317,298
317,301
317,302
317,305
317,306
317,307
317,308
317,309
317,310
317,311
317,312
317,315
317,316
317,317
317,321
317,323
317,324
317,325
317,326
317,327
317,328
317,329
317,331
317,332
317,334
317,336
317,340
317,341
317,342
317,344
317,345
317,346
318,243
318,244
318,245
318,246
318,247
318,248
318,249
318,254
318,255
318,256
318,257
318,258
318,259
318,260
318,261
318,262
318,263
318,264
318,265
318,266
318,267
318,269
318,272
318,275
318,277
318,278
318,282
318,288
318,289
318,290
318,293
318,294
318,295
318,303
318,309
318,311
318,312
318,313
318,315
318,318
318,322
318,323
318,324
318,326
318,328
318,329
318,331
318,332
318,333
318,334
318,336
318,338
318,340
318,341
318,342
318,343
318,344
318,346
319,247
319,248
319,249
319,252
319,253
319,255
319,256
319,258
319,259
319,261
319,262
319,263
319,264
319,266
319,267
319,268
319,272
319,273
319,274
319,275
319,276
319,277
319,278
319,279
319,281
319,284
319,293
319,294
319,295
319,298
319,299
319,302
319,303
319,304
319,306
319,307
319,308
319,309
319,311
319,313
319,315
319,317
319,320
319,322
319,323
319,327
319,328
319,329
319,330
319,331
319,332
319,334
319,335
319,337
319,338
319,339
319,340
319,341
319,342
319,343
319,344
319,345
319,346
319,347
320,251
320,252
320,253
320,254
320,255
320,258
320,259
320,260
320,261
320,262
320,263
320,265
320,267
320,269
320,273
320,274
320,276
320,277
320,282
320,288
320,291
320,292
320,293
320,298
320,299
320,300
320,301
320,302
320,303
320,306
320,307
320,308
320,309
320,310
320,316
320,318
320,319
320,321
320,323
320,324
320,325
320,326
320,327
320,328
320,329
320,330
320,332
320,334
320,335
320,336
320,337
320,338
320,339
320,340
320,341
320,342
320,343
320,344
320,345
320,346
320,348
320,349
320,350
321,251
321,252
321,253
321,254
321,255
321,256
321,257
321,258
321,259
321,260
321,262
321,264
321,265
321,266
321,267
321,269
321,270
321,271
321,272
321,273
321,274
321,275
321,276
321,277
321,281
321,282
321,288
321,290
321,294
321,295
321,296
321,297
321,300
321,301
321,302
321,305
321,306
321,307
321,309
321,310
321,312
321,313
321,314
321,316
321,318
321,319
321,320
321,321
321,323
321,326
321,328
321,329
321,331
321,332
321,333
321,334
321,335
321,336
321,338
321,339
321,340
321,341
321,342
321,343
321,344
321,346
321,347
321,348
321,349
322,251
322,252
322,253
322,254
322,255
322,256
322,257
322,258
322,259
322,260
322,261
322,262
322,263
322,264
322,265
322,267
322,268
322,269
322,272
322,273
322,274
322,281
322,282
322,284
322,285
322,286
322,290
322,291
322,292
322,294
322,295
322,298
322,302
322,304
322,306
322,308
322,309
322,310
322,311
322,313
322,314
322,315
322,316
322,317
322,318
322,319
322,320
322,321
322,322
322,324
322,325
322,326
322,327
322,328
322,331
322,332
322,333
322,334
322,337
322,338
322,339
322,340
322,341
322,342
322,343
322,344
323,255
323,256
323,257
323,258
323,259
323,260
323,261
323,262
323,263
323,264
323,266
323,268
323,269
323,270
323,271
323,272
323,273
323,274
323,275
323,279
323,280
323,281
323,285
323,287
323,290
323,291
323,292
323,294
323,296
323,297
323,298
323,299
323,300
323,305
323,306
323,307
323,308
323,309
323,310
323,311
323,312
323,313
323,314
323,316
323,319
323,320
323,324
323,326
323,328
323,329
323,330
323,332
323,333
323,334
323,335
323,336
323,337
323,338
323,340
323,341
323,342
323,343
323,344
324,256
324,257
324,258
324,259
324,260
324,261
324,262
324,263
324,264
324,265
324,266
324,267
324,268
324,269
324,271
324,272
324,273
324,274
324,275
324,276
324,280
324,282
324,284
324,286
324,291
324,292
324,293
324,294
324,296
324,297
324,299
324,300
324,301
324,302
324,305
324,307
324,309
324,311
324,312
324,314
324,315
324,316
324,319
324,322
324,324
324,325
324,326
324,327
324,329
324,330
324,331
324,333
324,334
324,335
324,336
324,337
324,338
324,339
324,340
325,257
325,259
325,260
325,261
325,262
325,263
325,264
325,265
325,266
325,267
325,268
325,269
325,270
325,271
325,272
325,273
325,274
325,278
325,279
325,281
325,282
325,286
325,288
325,290
325,291
325,292
325,293
325,295
325,296
325,298
325,302
325,303
325,304
325,305
325,306
325,307
325,309
325,310
325,311
325,316
325,317
325,320
325,324
325,325
325,326
325,328
325,329
325,330
325,334
325,336
325,339
325,340
325,341
325,342
325,343
325,344
326,257
326,258
326,259
326,261
326,262
326,263
326,264
326,265
326,266
326,267
326,268
326,269
326,270
326,271
326,272
326,273
326,274
326,275
326,276
326,277
326,279
326,288
326,289
326,290
326,291
326,292
326,293
326,296
326,299
326,300
326,301
326,303
326,305
326,306
326,308
326,309
326,312
326,313
326,315
326,317
326,328
326,329
326,330
326,331
326,332
326,334
326,335
326,336
326,341
326,342
326,343
327,257
327,258
327,259
327,260
327,261
327,263
327,264
327,265
327,266
327,267
327,268
327,269
327,270
327,274
327,275
327,282
327,283
327,286
327,290
327,291
327,293
327,296
327,298
327,299
327,303
327,306
327,313
327,314
327,315
327,316
327,317
327,323
327,324
327,327
327,328
327,329
327,330
327,331
327,332
327,333
327,334
328,261
328,262
328,263
328,264
328,265
328,266
328,267
328,268
328,269
328,270
328,271
328,272
328,273
328,274
328,275
328,287
328,289
328,290
328,292
328,293
328,295
328,298
328,300
328,301
328,302
328,303
328,304
328,305
328,306
328,307
328,312
328,316
328,317
328,318
328,324
328,326
328,327
328,329
328,330
328,331
328,332
328,333
328,334
328,335
329,262
329,263
329,264
329,265
329,267
329,268
329,269
329,270
329,271
329,272
329,274
329,276
329,281
329,282
329,283
329,286
329,291
329,295
329,298
329,303
329,304
329,305
329,306
329,307
329,309
329,312
329,313
329,314
329,318
329,325
329,327
329,328
329,330
329,331
329,332
329,334
330,262
330,263
330,264
330,265
330,266
330,267
330,268
330,269
330,270
330,271
330,272
330,274
330,276
330,289
330,290
330,291
330,292
330,294
330,298
330,300
330,303
330,304
330,305
330,306
330,307
330,308
330,311
330,313
330,314
330,315
330,316
330,319
330,320
330,321
330,322
330,323
330,324
331,263
331,265
331,266
331,267
331,268
331,269
331,270
331,271
331,272
331,274
331,276
331,278
331,280
331,281
331,285
331,287
331,289
331,291
331,292
331,294
331,296
331,305
331,306
331,307
331,308
331,309
331,310
331,311
331,314
331,315
331,316
331,319
331,320
331,322
331,323
331,324
332,262
332,263
332,264
332,265
332,266
332,267
332,268
332,270
332,271
332,276
332,283
332,284
332,290
332,292
332,293
332,294
332,295
332,306
332,307
332,308
332,309
332,310
332,311
332,312
332,314
332,315
332,316
332,319
332,320
332,321
332,322
332,323
332,324
333,263
333,264
333,265
333,266
333,267
333,268
333,269
333,270
333,272
333,273
333,274
333,275
333,276
333,277
333,279
333,292
333,294
333,300
333,305
333,306
333,307
333,308
333,311
333,312
333,313
333,314
333,315
333,316
333,317
333,319
333,320
333,321
333,322
333,323
333,324
334,264
334,266
334,267
334,268
334,269
334,270
334,271
334,272
334,273
334,274
334,276
334,277
334,285
334,293
334,296
334,304
334,305
334,306
334,307
334,308
334,309
334,310
334,311
334,312
334,313
334,314
334,315
334,316
334,320
334,322
334,323
335,264
335,267
335,268
335,269
335,270
335,271
335,275
335,276
335,292
335,305
335,306
335,307
335,308
335,309
335,310
335,311
335,312
335,313
335,314
335,319
335,320
335,321
335,322
336,267
336,268
336,271
336,272
336,275
336,276
336,277
336,287
336,296
336,306
336,307
336,308
336,309
336,310
336,311
336,312
336,313
336,319
337,272
337,273
337,274
337,275
337,276
337,282
337,305
337,306
337,307
337,308
337,309
337,310
337,311
338,272
338,273
338,296
338,306
338,307
338,308
338,309
338,310
339,297
339,308
339,309
