273,295
273,296
273,297
273,299
274,295
274,296
274,297
274,298
274,299
274,300
274,301
274,302
275,293
275,294
275,295
275,296
275,297
275,298
275,299
275,300
275,301
275,302
275,303
276,291
276,292
276,293
276,294
276,295
276,296
276,298
276,299
276,300
276,301
276,302
276,303
276,304
277,289
277,290
277,291
277,292
277,294
277,295
277,296
277,297
277,298
277,299
277,300
277,301
277,302
277,303
277,304
277,305
277,306
277,307
277,308
277,309
278,288
278,289
278,290
278,291
278,292
278,293
278,294
278,295
278,296
278,297
278,298
278,299
278,300
278,302
278,303
278,304
278,305
278,306
278,307
278,308
278,309
278,310
279,287
279,288
279,289
279,290
279,291
279,292
279,293
279,294
279,295
279,296
279,297
279,298
279,299
279,300
279,301
279,302
279,303
279,304
279,305
279,306
279,307
279,308
279,309
280,285
280,286
280,287
280,288
280,289
280,290
280,291
280,293
280,294
280,295
280,296
280,297
280,298
280,301
280,302
280,303
280,304
280,305
280,306
280,307
280,314
281,283
281,284
281,285
281,286
281,287
281,289
281,290
281,291
281,292
281,293
281,294
281,296
281,297
281,298
281,299
281,300
281,301
281,302
281,303
281,304
281,305
281,308
282,283
282,284
282,286
282,287
282,288
282,289
282,291
282,292
282,293
282,294
282,296
282,297
282,298
282,299
282,300
282,301
282,302
282,303
282,304
282,305
282,306
282,307
282,319
283,279
283,280
283,281
283,282
283,283
283,284
283,285
283,286
283,287
283,289
283,290
283,291
283,292
283,293
283,294
283,295
283,297
283,300
283,301
283,303
283,305
283,306
284,279
284,280
284,281
284,282
284,283
284,284
284,285
284,286
284,287
284,288
284,289
284,290
284,291
284,292
284,293
284,294
284,295
284,298
284,299
284,300
284,301
284,302
284,304
284,305
284,306
284,313
285,278
285,279
285,280
285,281
285,282
285,283
285,286
285,287
285,289
285,291
285,292
285,294
285,295
285,296
285,298
285,299
285,301
285,303
285,306
285,310
286,275
286,277
286,278
286,279
286,280
286,282
286,283
286,284
286,286
286,287
286,292
286,293
286,294
286,295
286,296
286,298
286,301
286,303
286,304
287,274
287,275
287,276
287,277
287,278
287,279
287,281
287,282
287,283
287,284
287,285
287,286
287,287
287,291
287,292
287,293
287,294
287,295
287,296
287,297
287,301
287,303
287,304
287,305
287,306
287,309
287,311
287,313
287,315
287,316
288,273
288,274
288,275
288,276
288,277
288,278
288,279
288,280
288,281
288,282
288,283
288,284
288,285
288,286
288,287
288,291
288,292
288,294
288,295
288,296
288,297
288,298
288,301
288,302
288,303
288,305
288,307
288,310
288,315
288,316
288,322
288,323
288,324
288,325
289,272
289,273
289,274
289,275
289,276
289,277
289,278
289,279
289,280
289,282
289,284
289,285
289,286
289,287
289,288
289,289
289,292
289,293
289,294
289,295
289,297
289,298
289,300
289,301
289,308
289,310
289,311
289,318
289,320
289,321
289,322
289,323
289,324
290,274
290,275
290,277
290,278
290,279
290,280
290,281
290,282
290,283
290,284
290,285
290,286
290,288
290,289
290,291
290,292
290,293
290,294
290,296
290,297
290,299
290,304
290,305
290,306
290,307
290,309
290,310
290,311
290,312
290,313
290,314
290,316
290,317
290,318
290,319
290,320
290,321
290,322
290,323
290,324
290,325
290,326
290,327
290,328
290,329
291,274
291,275
291,276
291,277
291,278
291,279
291,280
291,282
291,283
291,284
291,285
291,287
291,288
291,289
291,290
291,291
291,294
291,295
291,296
291,297
291,298
291,300
291,303
291,304
291,305
291,307
291,308
291,309
291,310
291,311
291,312
291,313
291,314
291,316
291,317
291,318
291,319
291,320
291,321
291,322
291,323
291,324
291,325
292,274
292,275
292,277
292,278
292,279
292,280
292,281
292,282
292,283
292,284
292,285
292,287
292,288
292,290
292,291
292,292
292,293
292,294
292,297
292,299
292,300
292,301
292,303
292,305
292,306
292,307
292,308
292,309
292,310
292,311
292,313
292,314
292,316
292,317
292,318
292,319
292,320
292,321
292,322
292,323
292,324
292,325
292,326
292,327
293,275
293,276
293,277
293,278
293,279
293,282
293,283
293,284
293,285
293,286
293,287
293,288
293,289
293,291
293,293
293,294
293,295
293,296
293,297
293,300
293,301
293,302
293,303
293,304
293,306
293,307
293,311
293,313
293,314
293,315
293,316
293,317
293,318
293,319
293,320
293,321
293,322
293,323
293,324
293,325
293,326
293,327
294,270
294,271
294,272
294,273
294,274
294,275
294,281
294,282
294,283
294,284
294,285
294,286
294,288
294,290
294,291
294,292
294,293
294,299
294,300
294,302
294,304
294,305
294,306
294,308
294,310
294,312
294,313
294,314
294,315
294,316
294,317
294,318
294,319
294,320
294,321
294,322
294,323
294,324
294,325
294,326
295,271
295,272
295,273
295,274
295,275
295,276
295,277
295,278
295,279
295,280
295,281
295,282
295,283
295,285
295,286
295,287
295,288
295,289
295,290
295,292
295,294
295,295
295,296
295,297
295,299
295,302
295,304
295,305
295,306
295,307
295,309
295,310
295,313
295,314
295,315
295,316
295,317
295,318
295,319
295,320
295,321
295,322
295,323
295,324
295,325
295,326
296,271
296,272
296,274
296,275
296,276
296,277
296,278
296,281
296,284
296,287
296,288
296,290
296,291
296,293
296,294
296,295
296,297
296,299
296,302
296,305
296,307
296,309
296,312
296,313
296,314
296,315
296,316
296,317
296,318
296,319
296,320
296,321
296,324
296,325
296,326
297,270
297,271
297,272
297,273
297,274
297,276
297,277
297,278
297,280
297,281
297,282
297,283
297,284
297,285
297,286
297,287
297,288
297,290
297,291
297,292
297,293
297,294
297,296
297,298
297,299
297,300
297,301
297,302
297,303
297,309
297,310
297,312
297,314
297,315
297,316
297,318
297,319
297,320
297,321
297,322
298,272
298,273
298,274
298,275
298,277
298,278
298,279
298,280
298,281
298,282
298,283
298,284
298,285
298,286
298,287
298,289
298,290
298,291
298,292
298,293
298,296
298,297
298,298
298,300
298,302
298,303
298,304
298,306
298,307
298,310
298,311
298,317
298,319
298,320
298,321
298,323
299,272
299,273
299,274
299,276
299,277
299,279
299,281
299,282
299,283
299,285
299,286
299,288
299,289
299,290
299,291
299,293
299,295
299,296
299,297
299,298
299,299
299,301
299,302
299,303
299,305
299,308
299,310
299,311
299,313
299,314
299,316
299,317
299,319
299,320
300,273
300,274
300,275
300,277
300,278
300,279
300,280
300,282
300,283
300,284
300,285
300,286
300,289
300,290
300,292
300,294
300,295
300,297
300,301
300,302
300,303
300,304
300,307
300,308
300,309
300,310
300,312
300,314
300,315
300,316
300,319
300,327
300,328
300,329
300,330
301,271
301,272
301,273
301,274
301,275
301,276
301,277
301,278
301,279
301,280
301,281
301,284
301,285
301,287
301,288
301,290
301,291
301,292
301,293
301,295
301,296
301,299
301,301
301,302
301,304
301,305
301,307
301,308
301,309
301,311
301,312
301,313
301,318
301,319
301,321
301,325
301,326
301,327
301,328
301,329
301,330
301,331
302,268
302,269
302,270
302,271
302,272
302,273
302,274
302,275
302,276
302,277
302,278
302,279
302,280
302,281
302,282
302,283
302,284
302,285
302,286
302,290
302,293
302,294
302,297
302,300
302,305
302,306
302,307
302,308
302,309
302,310
302,311
302,314
302,315
302,316
302,318
302,319
302,320
302,321
302,323
302,325
302,326
302,327
302,328
302,329
302,330
302,331
302,332
302,333
303,269
303,270
303,271
303,272
303,273
303,275
303,276
303,277
303,278
303,279
303,281
303,283
303,286
303,287
303,293
303,294
303,295
303,298
303,300
303,302
303,303
303,304
303,306
303,307
303,308
303,310
303,311
303,313
303,314
303,315
303,316
303,317
303,318
303,319
303,320
303,321
303,322
303,325
303,326
303,327
303,328
303,329
303,330
303,331
303,333
303,334
304,269
304,270
304,271
304,272
304,273
304,274
304,276
304,277
304,279
304,280
304,281
304,283
304,284
304,285
304,286
304,288
304,289
304,290
304,291
304,293
304,294
304,296
304,297
304,299
304,300
304,301
304,303
304,304
304,306
304,308
304,310
304,311
304,313
304,315
304,316
304,318
304,319
304,320
304,321
304,323
304,324
304,325
304,326
304,327
304,328
304,329
304,330
304,331
304,332
304,333
305,270
305,271
305,272
305,273
305,274
305,275
305,277
305,278
305,279
305,280
305,282
305,283
305,284
305,287
305,288
305,289
305,291
305,292
305,294
305,297
305,298
305,300
305,301
305,303
305,304
305,305
305,306
305,308
305,309
305,310
305,311
305,313
305,314
305,315
305,317
305,319
305,320
305,322
305,323
305,324
305,325
305,326
305,327
305,328
305,329
305,330
305,331
306,270
306,271
306,272
306,273
306,274
306,275
306,278
306,285
306,286
306,287
306,288
306,289
306,293
306,295
306,296
306,297
306,300
306,301
306,304
306,306
306,307
306,308
306,309
306,311
306,312
306,313
306,314
306,315
306,317
306,318
306,319
306,321
306,322
306,324
306,325
306,326
306,327
306,328
306,329
306,330
306,331
306,332
307,271
307,272
307,273
307,282
307,284
307,285
307,286
307,289
307,290
307,291
307,292
307,293
307,295
307,297
307,301
307,303
307,304
307,305
307,306
307,307
307,308
307,309
307,310
307,311
307,313
307,315
307,316
307,317
307,318
307,319
307,320
307,321
307,322
307,323
307,324
307,325
307,326
307,327
307,328
307,329
307,330
307,331
307,332
307,333
308,271
308,280
308,288
308,289
308,292
308,293
308,296
308,297
308,304
308,305
308,306
308,308
308,309
308,310
308,311
308,313
308,314
308,315
308,316
308,317
308,318
308,319
308,320
308,321
308,322
308,323
308,324
308,325
308,326
308,327
308,328
308,329
308,330
308,331
309,276
309,286
309,290
309,291
309,292
309,293
309,301
309,302
309,305
309,309
309,310
309,312
309,313
309,314
309,315
309,316
309,317
309,320
309,321
309,322
309,323
309,325
309,327
309,328
309,329
309,330
310,276
310,277
310,281
310,290
310,291
310,292
310,293
310,294
310,295
310,297
310,303
310,305
310,306
310,309
310,310
310,312
310,313
310,314
310,315
310,316
310,317
310,318
310,320
310,321
310,322
310,323
310,324
310,325
310,327
310,328
311,274
311,275
311,286
311,289
311,290
311,291
311,292
311,300
311,303
311,305
311,306
311,307
311,313
311,314
311,315
311,316
311,317
311,318
311,319
311,321
311,322
311,323
311,324
311,325
311,326
311,327
311,328
311,329
311,330
312,270
312,271
312,272
312,273
312,274
312,275
312,280
312,284
312,285
312,287
312,288
312,289
312,290
312,291
312,292
312,293
312,294
312,303
312,304
312,306
312,312
312,315
312,316
312,320
312,321
312,322
312,323
312,324
312,325
312,326
312,327
312,328
312,329
312,330
313,270
313,271
313,272
313,273
313,274
313,275
313,276
313,277
313,278
313,279
313,280
313,281
313,282
313,283
313,284
313,285
313,288
313,289
313,290
313,291
313,292
313,294
313,295
313,302
313,303
313,304
313,305
313,306
313,308
313,310
313,312
313,313
313,314
313,315
313,316
313,317
313,318
313,319
313,320
313,321
313,322
313,323
313,324
313,325
313,326
313,327
313,328
313,329
313,330
313,331
314,269
314,270
314,271
314,272
314,273
314,274
314,275
314,276
314,277
314,278
314,279
314,280
314,281
314,282
314,284
314,285
314,286
314,288
314,289
314,291
314,293
314,294
314,295
314,296
314,302
314,304
314,307
314,309
314,311
314,312
314,314
314,318
314,319
314,320
314,321
314,322
314,323
314,329
314,331
314,332
315,270
315,271
315,273
315,274
315,275
315,276
315,277
315,278
315,279
315,280
315,281
315,284
315,285
315,286
315,287
315,288
315,289
315,290
315,293
315,294
315,295
315,296
315,300
315,301
315,302
315,304
315,306
315,309
315,313
315,315
315,318
315,319
315,320
315,321
315,322
315,323
316,273
316,274
316,275
316,276
316,277
316,278
316,279
316,282
316,283
316,284
316,285
316,286
316,287
316,288
316,289
316,290
316,291
316,292
316,293
316,295
316,296
316,300
316,301
316,302
316,303
316,304
316,305
316,306
316,307
316,308
316,309
316,310
316,311
316,312
316,313
316,314
316,315
316,316
316,318
316,319
316,321
316,322
316,323
316,324
316,325
317,272
317,273
317,274
317,275
317,277
317,278
317,279
317,280
317,281
317,282
317,283
317,284
317,285
317,286
317,287
317,288
317,289
317,290
317,291
317,292
317,293
317,295
317,296
317,297
317,298
317,302
317,303
317,304
317,305
317,306
317,311
317,312
317,313
317,314
317,315
317,316
317,317
317,318
317,319
317,320
317,321
317,322
317,323
317,324
317,325
318,270
318,271
318,272
318,273
318,274
318,275
318,278
318,279
318,280
318,281
318,282
318,283
318,284
318,285
318,286
318,287
318,288
318,289
318,290
318,292
318,294
318,295
318,296
318,297
318,302
318,303
318,304
318,305
318,306
318,307
318,311
318,312
318,313
318,314
318,316
318,317
318,318
318,319
318,320
318,321
318,324
319,271
319,272
319,273
319,275
319,276
319,277
319,278
319,279
319,280
319,281
319,282
319,283
319,284
319,285
319,286
319,287
319,288
319,289
319,290
319,291
319,292
319,293
319,294
319,295
319,296
319,297
319,298
319,299
319,304
319,305
319,306
319,311
319,312
319,313
319,314
319,315
319,316
319,317
319,318
320,275
320,276
320,277
320,278
320,279
320,281
320,282
320,283
320,284
320,285
320,286
320,288
320,289
320,290
320,292
320,293
320,294
320,295
320,296
320,297
320,298
320,303
320,305
320,312
320,313
320,314
320,315
320,317
321,277
321,278
321,279
321,281
321,282
321,283
321,284
321,289
321,290
321,292
321,293
321,294
321,295
321,305
321,312
321,313
321,314
322,278
322,281
322,292
322,312
322,313
