265,297
266,295
266,296
266,297
266,302
267,294
267,295
267,296
267,297
267,302
267,303
267,304
267,305
268,291
268,294
268,295
268,296
268,297
268,299
268,301
268,302
268,303
268,305
269,290
269,291
269,292
269,294
269,295
269,296
269,297
269,298
269,299
269,300
269,301
269,302
269,303
269,304
269,305
269,306
269,309
270,289
270,290
270,291
270,292
270,295
270,296
270,297
270,298
270,300
270,301
270,302
270,303
270,304
270,305
270,306
270,307
270,308
270,309
270,310
270,312
270,313
271,289
271,291
271,292
271,293
271,295
271,296
271,298
271,299
271,300
271,301
271,303
271,304
271,305
271,306
271,307
271,308
271,309
271,310
271,311
271,312
271,313
272,289
272,290
272,291
272,292
272,295
272,296
272,297
272,299
272,300
272,301
272,302
272,303
272,304
272,305
272,306
272,307
272,308
272,309
272,310
272,311
272,312
273,282
273,285
273,286
273,287
273,289
273,290
273,291
273,292
273,293
273,295
273,296
273,297
273,298
273,299
273,300
273,301
273,302
273,303
273,304
273,305
273,306
273,307
273,308
273,309
273,310
273,311
274,279
274,280
274,281
274,282
274,283
274,284
274,285
274,286
274,288
274,289
274,290
274,291
274,292
274,293
274,294
274,295
274,297
274,298
274,299
274,300
274,301
274,302
274,303
274,304
274,305
274,306
274,307
274,308
274,309
274,310
274,311
274,312
274,313
275,278
275,279
275,280
275,281
275,282
275,283
275,284
275,285
275,286
275,287
275,288
275,289
275,290
275,292
275,293
275,294
275,296
275,297
275,298
275,299
275,301
275,302
275,303
275,304
275,305
275,306
275,307
275,309
275,310
275,311
275,312
275,313
276,276
276,277
276,278
276,279
276,280
276,281
276,282
276,283
276,284
276,285
276,286
276,287
276,288
276,289
276,290
276,291
276,292
276,293
276,294
276,295
276,296
276,298
276,299
276,300
276,301
276,302
276,303
276,304
276,305
276,306
276,307
276,308
276,310
277,276
277,277
277,279
277,280
277,281
277,282
277,283
277,284
277,285
277,286
277,287
277,288
277,289
277,290
277,291
277,294
277,296
277,297
277,298
277,299
277,302
277,303
277,305
277,306
277,307
277,308
277,309
277,311
278,276
278,277
278,278
278,279
278,280
278,281
278,282
278,283
278,284
278,285
278,286
278,287
278,289
278,291
278,292
278,293
278,294
278,295
278,296
278,297
278,298
278,299
278,300
278,302
278,303
278,304
278,305
278,306
278,307
278,308
278,310
278,314
279,275
279,276
279,277
279,278
279,279
279,280
279,282
279,283
279,284
279,285
279,287
279,289
279,290
279,291
279,292
279,293
279,294
279,295
279,296
279,298
279,299
279,300
279,301
279,302
279,303
279,304
279,305
279,306
279,307
279,308
279,311
279,317
280,275
280,276
280,277
280,279
280,280
280,282
280,283
280,284
280,286
280,287
280,288
280,289
280,290
280,291
280,293
280,294
280,296
280,297
280,298
280,300
280,301
280,302
280,304
280,305
280,306
280,307
280,314
280,317
281,270
281,272
281,274
281,275
281,276
281,277
281,278
281,279
281,280
281,282
281,283
281,284
281,285
281,286
281,287
281,289
281,290
281,291
281,293
281,296
281,297
281,298
281,299
281,300
281,301
281,302
281,303
281,304
281,305
281,308
281,312
281,313
281,323
282,268
282,269
282,270
282,271
282,272
282,273
282,274
282,275
282,276
282,277
282,278
282,279
282,280
282,281
282,282
282,284
282,287
282,289
282,291
282,294
282,296
282,297
282,298
282,300
282,301
282,303
282,305
282,306
282,307
282,309
282,319
282,323
283,267
283,268
283,269
283,270
283,271
283,272
283,273
283,274
283,275
283,276
283,277
283,278
283,279
283,280
283,281
283,282
283,283
283,284
283,285
283,287
283,291
283,292
283,293
283,294
283,295
283,297
283,300
283,304
283,305
283,306
283,307
283,309
283,318
283,319
283,324
284,266
284,268
284,270
284,272
284,273
284,275
284,276
284,277
284,278
284,279
284,280
284,281
284,282
284,284
284,285
284,286
284,287
284,288
284,289
284,290
284,291
284,292
284,293
284,294
284,295
284,298
284,300
284,302
284,304
284,306
284,310
284,313
284,326
285,267
285,268
285,269
285,270
285,271
285,272
285,273
285,274
285,275
285,277
285,278
285,280
285,281
285,282
285,283
285,286
285,287
285,289
285,291
285,292
285,294
285,295
285,298
285,299
285,304
285,306
285,307
285,310
285,314
285,315
285,317
285,320
285,324
286,267
286,268
286,269
286,270
286,271
286,272
286,274
286,275
286,276
286,278
286,280
286,282
286,283
286,284
286,286
286,287
286,290
286,292
286,293
286,294
286,295
286,296
286,298
286,300
286,301
286,302
286,303
286,304
286,313
286,314
286,319
286,320
286,327
287,266
287,267
287,268
287,269
287,270
287,271
287,272
287,273
287,274
287,275
287,276
287,277
287,278
287,279
287,281
287,282
287,283
287,284
287,285
287,286
287,287
287,289
287,292
287,293
287,294
287,295
287,296
287,297
287,301
287,304
287,305
287,306
287,309
287,310
287,311
287,314
287,316
287,317
287,318
287,326
287,327
287,332
288,266
288,267
288,268
288,269
288,270
288,271
288,272
288,273
288,274
288,276
288,277
288,279
288,280
288,281
288,283
288,284
288,285
288,287
288,291
288,292
288,294
288,296
288,297
288,298
288,301
288,302
288,303
288,305
288,307
288,310
288,315
288,316
288,322
288,323
288,324
288,325
288,326
288,327
288,328
288,329
288,330
288,331
288,332
289,265
289,266
289,267
289,268
289,269
289,270
289,271
289,272
289,273
289,274
289,275
289,277
289,278
289,279
289,280
289,282
289,284
289,285
289,287
289,289
289,292
289,293
289,294
289,295
289,297
289,298
289,300
289,301
289,303
289,305
289,308
289,310
289,311
289,318
289,320
289,322
289,323
289,324
289,325
289,326
289,327
289,328
289,329
289,331
289,332
289,333
290,267
290,268
290,269
290,270
290,271
290,272
290,273
290,275
290,277
290,278
290,279
290,280
290,281
290,282
290,284
290,286
290,288
290,289
290,291
290,293
290,294
290,296
290,297
290,299
290,304
290,305
290,306
290,307
290,309
290,310
290,311
290,312
290,313
290,314
290,316
290,317
290,318
290,319
290,320
290,321
290,322
290,323
290,324
290,326
290,328
290,330
290,331
290,332
290,333
290,334
290,335
290,336
290,337
291,266
291,267
291,268
291,269
291,271
291,274
291,275
291,276
291,277
291,278
291,280
291,282
291,283
291,284
291,285
291,288
291,289
291,290
291,291
291,294
291,295
291,298
291,301
291,303
291,304
291,305
291,307
291,308
291,309
291,310
291,311
291,313
291,314
291,315
291,316
291,318
291,319
291,320
291,321
291,323
291,324
291,325
291,326
291,327
291,328
291,329
291,330
291,331
291,332
291,333
291,335
291,336
291,337
292,265
292,266
292,267
292,268
292,269
292,270
292,271
292,272
292,273
292,274
292,275
292,277
292,278
292,279
292,280
292,282
292,284
292,285
292,287
292,288
292,290
292,291
292,292
292,293
292,294
292,297
292,299
292,300
292,301
292,303
292,305
292,306
292,307
292,308
292,309
292,310
292,311
292,313
292,314
292,316
292,317
292,319
292,320
292,321
292,322
292,323
292,324
292,327
292,329
292,330
292,331
292,332
292,333
292,334
292,335
292,336
293,263
293,264
293,265
293,266
293,267
293,268
293,269
293,270
293,271
293,272
293,273
293,275
293,276
293,277
293,279
293,280
293,282
293,284
293,285
293,286
293,287
293,289
293,291
293,293
293,294
293,296
293,297
293,300
293,301
293,302
293,303
293,304
293,307
293,309
293,311
293,314
293,315
293,316
293,318
293,319
293,322
293,323
293,325
293,326
293,327
293,328
293,329
293,330
293,331
293,332
293,333
293,334
293,335
293,336
294,263
294,264
294,265
294,267
294,268
294,270
294,271
294,272
294,273
294,274
294,275
294,277
294,279
294,280
294,281
294,282
294,283
294,284
294,285
294,286
294,288
294,289
294,291
294,292
294,294
294,297
294,299
294,300
294,302
294,304
294,305
294,306
294,308
294,310
294,312
294,313
294,314
294,316
294,317
294,319
294,320
294,321
294,322
294,323
294,324
294,325
294,326
294,327
294,328
294,329
294,330
294,331
294,332
294,333
294,334
294,335
295,261
295,262
295,263
295,264
295,265
295,266
295,267
295,268
295,269
295,270
295,272
295,273
295,274
295,275
295,276
295,277
295,278
295,279
295,280
295,281
295,282
295,283
295,285
295,286
295,287
295,288
295,289
295,290
295,291
295,294
295,295
295,296
295,297
295,298
295,299
295,300
295,302
295,305
295,306
295,307
295,309
295,310
295,312
295,314
295,315
295,318
295,319
295,320
295,321
295,322
295,323
295,324
295,325
295,326
295,327
295,328
295,329
295,330
295,331
296,261
296,262
296,263
296,264
296,265
296,266
296,267
296,268
296,269
296,270
296,272
296,275
296,277
296,278
296,281
296,284
296,288
296,290
296,291
296,293
296,294
296,295
296,296
296,297
296,298
296,299
296,302
296,305
296,307
296,309
296,312
296,313
296,314
296,315
296,316
296,317
296,318
296,319
296,320
296,321
296,323
296,324
296,325
296,326
296,329
297,263
297,264
297,266
297,270
297,271
297,272
297,273
297,274
297,276
297,280
297,281
297,282
297,283
297,284
297,285
297,286
297,287
297,288
297,290
297,291
297,292
297,293
297,298
297,299
297,300
297,301
297,302
297,305
297,311
297,312
297,314
297,315
297,316
297,318
297,321
297,324
297,327
297,329
297,330
297,332
297,339
298,266
298,271
298,273
298,275
298,276
298,277
298,278
298,279
298,281
298,282
298,283
298,284
298,285
298,287
298,289
298,290
298,292
298,294
298,296
298,297
298,298
298,300
298,302
298,303
298,304
298,306
298,307
298,310
298,311
298,317
298,319
298,320
298,321
298,323
298,328
298,335
298,336
298,337
298,338
298,339
299,270
299,271
299,272
299,273
299,274
299,276
299,277
299,279
299,282
299,283
299,285
299,286
299,287
299,288
299,289
299,290
299,291
299,293
299,295
299,298
299,301
299,303
299,305
299,308
299,309
299,310
299,311
299,313
299,314
299,316
299,317
299,319
299,323
299,328
299,329
299,334
299,335
299,336
299,337
299,338
299,339
300,263
300,264
300,265
300,268
300,269
300,270
300,272
300,273
300,274
300,276
300,277
300,278
300,279
300,281
300,282
300,283
300,284
300,285
300,286
300,289
300,292
300,294
300,295
300,297
300,301
300,302
300,304
300,305
300,307
300,308
300,310
300,311
300,314
300,315
300,316
300,317
300,319
300,322
300,327
300,328
300,329
300,330
300,332
300,333
300,334
300,335
300,336
300,337
300,338
300,339
300,340
301,261
301,262
301,263
301,264
301,265
301,266
301,268
301,270
301,272
301,273
301,274
301,276
301,277
301,278
301,279
301,280
301,284
301,285
301,287
301,288
301,290
301,292
301,293
301,296
301,301
301,303
301,304
301,307
301,308
301,309
301,311
301,312
301,313
301,316
301,317
301,319
301,320
301,321
301,322
301,323
301,325
301,327
301,328
301,329
301,330
301,331
301,332
301,333
301,334
301,335
301,336
301,337
302,262
302,263
302,264
302,265
302,266
302,268
302,269
302,270
302,271
302,272
302,274
302,275
302,277
302,279
302,280
302,281
302,282
302,283
302,284
302,285
302,286
302,290
302,294
302,297
302,298
302,300
302,305
302,306
302,307
302,308
302,309
302,310
302,311
302,313
302,314
302,315
302,316
302,318
302,320
302,323
302,326
302,327
302,328
302,329
302,330
302,331
302,332
302,333
302,334
302,335
302,336
302,337
302,338
302,339
303,261
303,262
303,263
303,264
303,265
303,269
303,270
303,271
303,272
303,273
303,275
303,277
303,279
303,281
303,283
303,286
303,287
303,289
303,294
303,295
303,298
303,300
303,302
303,303
303,304
303,306
303,307
303,308
303,310
303,313
303,314
303,315
303,316
303,319
303,322
303,325
303,326
303,327
303,328
303,329
303,330
303,331
303,332
303,333
303,334
303,335
303,336
303,337
303,338
303,339
303,340
303,341
304,261
304,262
304,263
304,264
304,265
304,266
304,267
304,268
304,269
304,270
304,271
304,276
304,277
304,279
304,280
304,281
304,282
304,284
304,285
304,286
304,288
304,289
304,291
304,293
304,294
304,297
304,299
304,300
304,301
304,303
304,304
304,305
304,306
304,311
304,313
304,316
304,318
304,319
304,320
304,322
304,323
304,324
304,326
304,327
304,328
304,329
304,330
304,331
304,332
304,333
304,334
305,261
305,264
305,265
305,267
305,268
305,269
305,270
305,271
305,273
305,275
305,276
305,277
305,280
305,282
305,284
305,287
305,288
305,289
305,291
305,292
305,294
305,295
305,297
305,298
305,301
305,302
305,303
305,304
305,305
305,306
305,309
305,310
305,311
305,313
305,314
305,315
305,317
305,319
305,320
305,322
305,323
305,324
305,325
305,326
305,327
305,329
305,330
305,331
305,332
305,333
305,337
306,261
306,262
306,263
306,264
306,266
306,267
306,269
306,270
306,271
306,272
306,273
306,274
306,278
306,281
306,286
306,288
306,289
306,293
306,295
306,296
306,301
306,304
306,307
306,308
306,309
306,313
306,315
306,317
306,318
306,320
306,321
306,322
306,324
306,325
306,326
306,327
306,328
306,329
306,330
306,331
306,332
306,335
306,337
306,338
306,339
306,340
306,341
307,262
307,265
307,271
307,272
307,273
307,284
307,285
307,286
307,289
307,290
307,291
307,292
307,293
307,294
307,295
307,297
307,299
307,300
307,301
307,303
307,304
307,305
307,307
307,308
307,309
307,313
307,316
307,317
307,318
307,319
307,320
307,321
307,322
307,323
307,324
307,325
307,326
307,328
307,329
307,330
307,331
307,332
307,334
307,335
307,336
307,337
307,338
307,339
307,340
307,341
307,342
307,343
308,271
308,280
308,288
308,289
308,292
308,293
308,295
308,296
308,297
308,304
308,305
308,306
308,308
308,309
308,310
308,311
308,313
308,314
308,316
308,318
308,319
308,320
308,321
308,322
308,323
308,324
308,326
308,327
308,329
308,330
308,331
308,332
308,333
308,334
308,335
308,336
308,337
308,338
308,339
308,340
308,341
308,342
309,266
309,269
309,276
309,279
309,286
309,290
309,292
309,293
309,298
309,301
309,302
309,304
309,305
309,309
309,310
309,311
309,312
309,313
309,315
309,316
309,317
309,319
309,320
309,321
309,322
309,323
309,325
309,327
309,328
309,329
309,330
309,331
309,332
309,333
309,334
309,335
309,336
309,337
309,339
309,340
309,341
310,265
310,267
310,276
310,280
310,290
310,292
310,293
310,294
310,295
310,297
310,299
310,303
310,305
310,306
310,307
310,309
310,310
310,312
310,313
310,314
310,315
310,316
310,317
310,318
310,321
310,322
310,323
310,324
310,328
310,329
310,330
310,331
310,332
310,333
310,334
310,335
310,336
310,337
310,342
311,264
311,268
311,269
311,270
311,271
311,274
311,275
311,277
311,286
311,289
311,290
311,291
311,292
311,293
311,297
311,300
311,303
311,305
311,306
311,307
311,313
311,314
311,315
311,316
311,317
311,319
311,321
311,322
311,323
311,324
311,325
311,326
311,327
311,329
311,330
311,331
311,332
311,333
311,334
311,335
312,265
312,266
312,267
312,268
312,269
312,270
312,271
312,272
312,273
312,274
312,275
312,280
312,281
312,284
312,285
312,287
312,288
312,291
312,292
312,294
312,299
312,303
312,304
312,306
312,312
312,313
312,315
312,316
312,318
312,319
312,320
312,321
312,323
312,324
312,325
312,326
312,327
312,328
312,330
312,331
312,332
312,333
312,339
313,263
313,264
313,265
313,266
313,267
313,268
313,269
313,270
313,271
313,272
313,273
313,274
313,276
313,277
313,278
313,279
313,282
313,283
313,284
313,285
313,288
313,291
313,292
313,293
313,295
313,296
313,302
313,303
313,305
313,306
313,308
313,309
313,310
313,312
313,313
313,314
313,315
313,316
313,317
313,319
313,320
313,321
313,322
313,323
313,324
313,325
313,326
313,328
313,329
313,330
313,331
313,332
313,333
314,261
314,262
314,263
314,264
314,265
314,266
314,267
314,268
314,269
314,270
314,271
314,272
314,273
314,274
314,278
314,279
314,280
314,282
314,284
314,285
314,286
314,289
314,293
314,294
314,295
314,296
314,301
314,304
314,307
314,308
314,309
314,310
314,311
314,312
314,318
314,319
314,320
314,321
314,323
314,329
314,330
314,331
314,332
314,333
314,334
315,262
315,263
315,264
315,265
315,267
315,268
315,271
315,272
315,273
315,274
315,275
315,276
315,278
315,280
315,281
315,284
315,285
315,287
315,288
315,289
315,290
315,293
315,294
315,295
315,296
315,300
315,301
315,302
315,304
315,306
315,309
315,313
315,315
315,316
315,318
315,319
315,320
315,321
315,322
315,323
315,325
316,261
316,262
316,264
316,265
316,266
316,267
316,268
316,270
316,271
316,272
316,273
316,274
316,275
316,276
316,278
316,282
316,283
316,284
316,285
316,286
316,287
316,288
316,289
316,291
316,292
316,293
316,295
316,296
316,301
316,302
316,303
316,304
316,305
316,307
316,308
316,309
316,310
316,311
316,312
316,313
316,314
316,315
316,318
316,319
316,322
316,323
316,325
316,332
316,333
317,262
317,263
317,264
317,265
317,266
317,267
317,268
317,269
317,271
317,272
317,273
317,274
317,277
317,278
317,279
317,280
317,282
317,283
317,284
317,287
317,288
317,289
317,290
317,292
317,295
317,297
317,298
317,302
317,303
317,304
317,305
317,306
317,311
317,312
317,313
317,314
317,315
317,316
317,317
317,318
317,319
317,320
317,321
317,323
317,325
318,264
318,266
318,267
318,268
318,269
318,270
318,271
318,272
318,273
318,275
318,278
318,279
318,280
318,281
318,282
318,283
318,284
318,286
318,287
318,288
318,290
318,292
318,294
318,295
318,296
318,302
318,303
318,304
318,305
318,306
318,307
318,311
318,312
318,313
318,314
318,316
318,317
318,318
318,319
318,320
318,321
318,322
318,323
318,324
318,329
318,336
318,338
319,266
319,267
319,268
319,269
319,270
319,271
319,272
319,273
319,275
319,276
319,277
319,279
319,280
319,281
319,282
319,283
319,284
319,285
319,286
319,287
319,288
319,290
319,291
319,292
319,293
319,294
319,295
319,296
319,297
319,299
319,304
319,306
319,311
319,312
319,313
319,314
319,315
319,316
319,317
319,318
319,319
319,320
319,321
319,322
319,324
319,333
320,267
320,268
320,269
320,270
320,271
320,272
320,273
320,274
320,275
320,278
320,281
320,282
320,283
320,284
320,285
320,286
320,288
320,289
320,290
320,292
320,294
320,296
320,298
320,306
320,308
320,310
320,313
320,314
320,315
320,317
320,318
320,319
320,320
320,321
320,322
320,323
321,268
321,269
321,270
321,271
321,272
321,273
321,274
321,275
321,276
321,277
321,278
321,281
321,282
321,283
321,284
321,285
321,289
321,290
321,292
321,293
321,294
321,296
321,297
321,303
321,305
321,307
321,308
321,312
321,313
321,314
321,315
321,316
321,317
321,318
321,319
321,320
321,321
321,322
321,334
322,269
322,271
322,272
322,273
322,274
322,275
322,276
322,278
322,279
322,281
322,282
322,283
322,284
322,285
322,288
322,289
322,292
322,293
322,294
322,295
322,298
322,312
322,313
322,314
322,315
322,316
322,317
322,318
322,319
322,320
322,321
322,322
322,323
322,324
323,268
323,269
323,271
323,272
323,273
323,274
323,275
323,276
323,277
323,278
323,279
323,280
323,281
323,282
323,283
323,284
323,285
323,288
323,289
323,290
323,292
323,293
323,294
323,295
323,301
323,307
323,308
323,311
323,312
323,313
323,314
323,315
323,317
323,318
323,319
323,320
323,321
323,322
323,323
323,324
323,325
323,327
324,269
324,270
324,271
324,272
324,273
324,274
324,275
324,276
324,277
324,278
324,279
324,280
324,281
324,282
324,283
324,284
324,285
324,288
324,289
324,290
324,292
324,294
324,300
324,309
324,311
324,313
324,314
324,316
324,317
324,318
324,319
324,321
324,322
325,272
325,273
325,274
325,275
325,276
325,277
325,279
325,281
325,282
325,283
325,284
325,285
325,288
325,289
325,290
325,291
325,292
325,293
325,313
325,314
325,315
325,316
325,317
325,318
325,319
325,321
325,322
326,273
326,274
326,275
326,276
326,277
326,278
326,279
326,280
326,281
326,282
326,283
326,284
326,285
326,291
326,292
326,293
326,314
326,318
326,319
326,321
327,277
327,278
327,280
327,281
327,282
327,283
327,284
327,304
328,283
328,284
328,304
328,309
328,311
