262,294
262,295
262,301
262,302
262,304
262,305
263,294
263,295
263,297
263,298
263,301
263,302
263,303
263,304
263,305
263,306
264,295
264,296
264,297
264,298
264,301
264,302
264,303
264,304
264,305
265,288
265,289
265,291
265,292
265,293
265,294
265,295
265,296
265,297
265,298
265,301
265,303
265,304
265,305
266,287
266,288
266,289
266,290
266,291
266,292
266,294
266,295
266,296
266,297
266,299
266,300
266,302
266,303
266,304
266,305
266,306
266,307
266,308
266,310
266,311
266,313
266,314
267,286
267,287
267,288
267,289
267,290
267,291
267,292
267,293
267,295
267,296
267,297
267,299
267,301
267,302
267,303
267,304
267,305
267,306
267,307
267,308
267,309
267,310
267,311
267,312
267,313
267,314
267,315
267,316
268,289
268,290
268,292
268,295
268,296
268,297
268,299
268,301
268,303
268,304
268,306
268,307
268,309
268,310
268,311
268,312
268,313
268,314
268,315
268,316
269,286
269,288
269,289
269,290
269,291
269,292
269,294
269,295
269,296
269,298
269,300
269,301
269,303
269,304
269,305
269,306
269,307
269,309
269,310
269,311
269,313
269,314
269,315
269,316
270,278
270,279
270,280
270,281
270,282
270,288
270,289
270,290
270,291
270,295
270,296
270,297
270,298
270,301
270,302
270,303
270,304
270,305
270,306
270,307
270,308
270,309
270,310
270,311
270,312
270,313
270,314
270,315
270,316
271,277
271,278
271,279
271,280
271,281
271,282
271,283
271,284
271,289
271,291
271,293
271,295
271,296
271,298
271,299
271,300
271,303
271,304
271,305
271,307
271,308
271,310
271,311
271,312
271,313
271,314
271,315
272,275
272,276
272,277
272,278
272,279
272,280
272,281
272,282
272,283
272,284
272,285
272,286
272,291
272,292
272,295
272,296
272,297
272,298
272,300
272,301
272,302
272,303
272,305
272,306
272,308
272,310
272,311
272,312
272,313
272,314
272,315
272,316
273,274
273,275
273,276
273,277
273,278
273,279
273,280
273,282
273,283
273,284
273,285
273,286
273,287
273,289
273,290
273,291
273,292
273,293
273,295
273,296
273,297
273,298
273,300
273,301
273,303
273,304
273,305
273,306
273,308
273,309
273,310
273,311
273,312
273,313
273,314
274,271
274,272
274,273
274,274
274,275
274,276
274,277
274,279
274,280
274,281
274,282
274,283
274,284
274,288
274,289
274,290
274,291
274,292
274,293
274,294
274,297
274,300
274,301
274,302
274,303
274,304
274,305
274,306
274,307
274,308
274,309
274,310
274,311
274,312
274,313
274,314
274,317
275,272
275,273
275,274
275,275
275,276
275,277
275,278
275,279
275,280
275,281
275,283
275,284
275,285
275,287
275,288
275,289
275,293
275,294
275,296
275,297
275,298
275,301
275,302
275,303
275,304
275,306
275,307
275,309
275,310
275,311
275,312
275,313
276,270
276,271
276,272
276,273
276,274
276,275
276,276
276,277
276,278
276,279
276,280
276,283
276,284
276,285
276,287
276,288
276,289
276,291
276,292
276,293
276,295
276,296
276,298
276,299
276,301
276,302
276,303
276,304
276,305
276,306
276,307
276,308
276,310
276,325
277,267
277,270
277,271
277,272
277,273
277,275
277,277
277,280
277,281
277,284
277,285
277,286
277,288
277,289
277,290
277,291
277,294
277,296
277,297
277,298
277,299
277,302
277,303
277,304
277,305
277,307
277,308
277,309
277,311
277,321
277,332
277,333
278,266
278,267
278,268
278,271
278,272
278,273
278,274
278,275
278,276
278,277
278,278
278,279
278,280
278,281
278,282
278,283
278,284
278,285
278,286
278,289
278,291
278,292
278,293
278,294
278,295
278,296
278,297
278,299
278,300
278,301
278,302
278,303
278,304
278,305
278,306
278,307
278,308
278,310
278,314
278,317
278,320
278,324
278,331
278,332
278,333
278,334
279,265
279,266
279,267
279,268
279,269
279,270
279,271
279,272
279,273
279,274
279,275
279,276
279,277
279,278
279,279
279,280
279,282
279,283
279,284
279,285
279,287
279,289
279,290
279,291
279,292
279,293
279,295
279,296
279,298
279,299
279,300
279,301
279,302
279,303
279,305
279,307
279,308
279,311
279,313
279,317
279,331
279,332
279,333
280,262
280,263
280,264
280,265
280,266
280,267
280,268
280,269
280,270
280,271
280,272
280,273
280,275
280,276
280,277
280,280
280,282
280,283
280,284
280,285
280,286
280,287
280,288
280,289
280,291
280,293
280,296
280,297
280,298
280,300
280,302
280,304
280,305
280,306
280,307
280,309
280,314
280,324
280,328
280,331
281,262
281,263
281,264
281,265
281,266
281,267
281,268
281,269
281,270
281,271
281,272
281,273
281,274
281,275
281,276
281,277
281,278
281,279
281,281
281,282
281,283
281,284
281,285
281,286
281,287
281,288
281,289
281,290
281,291
281,293
281,296
281,297
281,298
281,299
281,300
281,304
281,307
281,308
281,312
281,313
281,314
281,323
281,326
281,328
282,261
282,263
282,264
282,265
282,266
282,267
282,268
282,271
282,272
282,274
282,276
282,277
282,278
282,279
282,280
282,281
282,282
282,283
282,284
282,287
282,289
282,291
282,294
282,296
282,297
282,298
282,300
282,301
282,303
282,305
282,306
282,307
282,313
282,319
282,324
283,257
283,258
283,259
283,260
283,261
283,262
283,263
283,264
283,265
283,266
283,267
283,268
283,269
283,270
283,271
283,272
283,273
283,274
283,275
283,277
283,278
283,279
283,280
283,281
283,282
283,283
283,284
283,285
283,287
283,291
283,292
283,293
283,294
283,295
283,297
283,300
283,304
283,305
283,307
283,309
283,315
283,318
283,319
283,320
283,323
283,324
283,330
284,259
284,260
284,263
284,264
284,265
284,266
284,268
284,270
284,272
284,273
284,275
284,276
284,277
284,278
284,279
284,280
284,281
284,282
284,284
284,285
284,286
284,288
284,289
284,290
284,291
284,292
284,293
284,294
284,295
284,296
284,298
284,300
284,301
284,302
284,304
284,306
284,308
284,310
284,313
284,317
284,322
284,327
284,328
285,263
285,264
285,265
285,266
285,267
285,268
285,269
285,272
285,273
285,274
285,275
285,277
285,278
285,280
285,281
285,282
285,283
285,285
285,286
285,287
285,288
285,289
285,291
285,292
285,294
285,295
285,298
285,299
285,302
285,304
285,306
285,314
285,315
285,317
285,320
285,324
285,325
286,262
286,263
286,264
286,265
286,266
286,268
286,269
286,270
286,271
286,272
286,274
286,275
286,276
286,278
286,282
286,283
286,284
286,286
286,287
286,290
286,291
286,292
286,293
286,294
286,296
286,298
286,301
286,302
286,303
286,304
286,305
286,306
286,309
286,311
286,313
286,314
286,316
286,319
286,320
286,323
286,327
286,332
286,337
287,260
287,262
287,264
287,265
287,266
287,267
287,268
287,269
287,270
287,271
287,272
287,273
287,274
287,275
287,276
287,277
287,278
287,279
287,281
287,282
287,284
287,285
287,286
287,287
287,289
287,292
287,293
287,294
287,296
287,297
287,300
287,301
287,304
287,306
287,307
287,309
287,310
287,311
287,314
287,317
287,318
287,323
287,325
287,327
287,330
287,333
287,334
287,335
287,337
287,338
287,339
288,260
288,261
288,264
288,265
288,266
288,267
288,268
288,269
288,270
288,272
288,273
288,274
288,276
288,277
288,279
288,280
288,281
288,282
288,283
288,284
288,285
288,286
288,287
288,288
288,291
288,292
288,293
288,294
288,297
288,298
288,301
288,302
288,303
288,305
288,307
288,310
288,311
288,315
288,316
288,322
288,323
288,325
288,326
288,327
288,328
288,329
288,330
288,331
288,332
288,333
288,336
288,337
288,338
288,339
289,260
289,261
289,262
289,263
289,264
289,265
289,266
289,267
289,268
289,270
289,271
289,272
289,273
289,274
289,275
289,277
289,278
289,279
289,280
289,282
289,284
289,285
289,287
289,289
289,291
289,292
289,293
289,294
289,295
289,296
289,297
289,298
289,300
289,301
289,303
289,305
289,308
289,309
289,310
289,311
289,312
289,313
289,314
289,316
289,317
289,318
289,319
289,320
289,322
289,323
289,324
289,325
289,326
289,327
289,328
289,329
289,331
289,332
289,333
289,334
289,335
289,336
289,338
289,340
290,260
290,261
290,262
290,263
290,264
290,265
290,266
290,267
290,268
290,270
290,271
290,272
290,273
290,275
290,277
290,278
290,279
290,280
290,281
290,282
290,284
290,286
290,288
290,289
290,291
290,293
290,294
290,296
290,297
290,299
290,301
290,304
290,305
290,306
290,307
290,309
290,310
290,311
290,312
290,314
290,316
290,317
290,318
290,319
290,321
290,322
290,323
290,324
290,326
290,328
290,329
290,331
290,332
290,333
290,334
290,335
290,336
290,337
290,338
290,339
290,340
291,261
291,262
291,263
291,264
291,266
291,267
291,268
291,269
291,271
291,274
291,275
291,276
291,277
291,278
291,280
291,281
291,284
291,285
291,288
291,289
291,290
291,291
291,294
291,295
291,298
291,299
291,301
291,303
291,304
291,305
291,308
291,309
291,310
291,311
291,313
291,314
291,315
291,316
291,318
291,319
291,320
291,321
291,323
291,325
291,326
291,327
291,328
291,329
291,330
291,331
291,332
291,333
291,335
291,336
291,337
291,338
291,339
291,340
291,341
291,342
292,260
292,261
292,262
292,263
292,265
292,266
292,267
292,268
292,269
292,270
292,271
292,272
292,273
292,274
292,277
292,278
292,280
292,282
292,284
292,286
292,287
292,288
292,289
292,290
292,291
292,292
292,293
292,294
292,297
292,299
292,300
292,301
292,303
292,305
292,306
292,307
292,308
292,310
292,311
292,313
292,316
292,317
292,320
292,321
292,322
292,323
292,324
292,327
292,329
292,330
292,331
292,332
292,334
292,335
292,336
292,337
292,338
292,339
292,340
292,341
292,342
292,343
292,344
292,345
293,259
293,260
293,261
293,262
293,263
293,266
293,267
293,268
293,269
293,270
293,271
293,272
293,273
293,275
293,276
293,277
293,279
293,280
293,282
293,283
293,284
293,285
293,286
293,287
293,289
293,291
293,293
293,294
293,296
293,297
293,300
293,301
293,302
293,303
293,304
293,306
293,309
293,314
293,315
293,316
293,318
293,323
293,325
293,326
293,327
293,328
293,329
293,331
293,332
293,333
293,334
293,335
293,336
293,337
293,338
293,339
293,340
293,341
293,343
294,259
294,260
294,261
294,262
294,263
294,264
294,265
294,267
294,268
294,270
294,271
294,272
294,273
294,274
294,275
294,277
294,279
294,280
294,281
294,283
294,284
294,285
294,288
294,289
294,291
294,292
294,294
294,297
294,299
294,300
294,302
294,304
294,306
294,308
294,310
294,312
294,314
294,316
294,317
294,319
294,320
294,321
294,323
294,324
294,325
294,327
294,328
294,330
294,331
294,332
294,335
294,336
294,337
294,339
294,340
294,343
295,258
295,259
295,260
295,261
295,263
295,264
295,265
295,268
295,269
295,270
295,271
295,272
295,273
295,274
295,275
295,276
295,277
295,278
295,279
295,280
295,281
295,282
295,283
295,285
295,286
295,287
295,288
295,289
295,290
295,291
295,294
295,295
295,296
295,297
295,298
295,299
295,300
295,302
295,304
295,305
295,306
295,307
295,309
295,310
295,312
295,314
295,315
295,318
295,319
295,320
295,322
295,323
295,324
295,325
295,326
295,327
295,329
295,330
295,339
295,340
295,341
295,342
295,343
296,258
296,259
296,260
296,261
296,263
296,264
296,265
296,267
296,268
296,269
296,270
296,272
296,275
296,277
296,278
296,281
296,282
296,284
296,288
296,291
296,293
296,294
296,296
296,297
296,298
296,299
296,301
296,302
296,305
296,309
296,312
296,313
296,314
296,315
296,316
296,317
296,318
296,319
296,320
296,324
296,325
296,326
296,339
296,340
296,341
296,342
296,343
296,344
297,258
297,259
297,260
297,261
297,262
297,263
297,264
297,266
297,268
297,269
297,270
297,271
297,273
297,276
297,280
297,281
297,282
297,284
297,285
297,286
297,287
297,288
297,290
297,293
297,299
297,300
297,301
297,302
297,305
297,306
297,311
297,312
297,315
297,316
297,324
297,329
297,330
297,332
297,336
297,339
297,340
297,341
297,342
297,343
298,265
298,266
298,271
298,275
298,276
298,277
298,278
298,279
298,280
298,281
298,282
298,283
298,284
298,285
298,287
298,288
298,289
298,290
298,292
298,294
298,296
298,297
298,298
298,300
298,303
298,304
298,307
298,310
298,311
298,317
298,318
298,319
298,320
298,321
298,323
298,328
298,333
298,336
298,337
298,338
298,340
298,341
298,342
298,343
298,344
298,345
299,264
299,265
299,267
299,270
299,274
299,276
299,277
299,279
299,280
299,281
299,282
299,283
299,285
299,286
299,287
299,288
299,289
299,290
299,293
299,295
299,298
299,303
299,308
299,309
299,310
299,311
299,313
299,314
299,315
299,316
299,319
299,322
299,328
299,329
299,333
299,334
299,335
299,336
299,337
299,338
299,339
299,340
299,341
299,342
299,343
299,344
299,345
299,347
299,348
299,349
300,259
300,260
300,261
300,262
300,263
300,264
300,266
300,268
300,269
300,270
300,272
300,273
300,274
300,277
300,278
300,279
300,281
300,282
300,283
300,284
300,285
300,286
300,289
300,292
300,294
300,295
300,297
300,299
300,301
300,302
300,304
300,305
300,307
300,308
300,310
300,311
300,314
300,315
300,316
300,317
300,319
300,322
300,325
300,327
300,328
300,329
300,332
300,333
300,334
300,336
300,338
300,339
300,340
300,342
300,344
300,345
300,346
300,347
301,258
301,259
301,260
301,261
301,262
301,263
301,264
301,265
301,268
301,270
301,272
301,273
301,274
301,276
301,277
301,278
301,279
301,280
301,283
301,284
301,285
301,287
301,288
301,290
301,291
301,293
301,296
301,299
301,301
301,302
301,303
301,307
301,308
301,309
301,311
301,312
301,313
301,316
301,317
301,319
301,320
301,321
301,322
301,323
301,327
301,329
301,330
301,331
301,332
301,333
301,334
301,335
301,336
301,337
301,339
301,341
301,342
301,343
301,344
301,345
301,346
301,347
302,258
302,259
302,260
302,262
302,263
302,264
302,265
302,266
302,268
302,270
302,271
302,274
302,275
302,277
302,279
302,281
302,282
302,283
302,284
302,285
302,286
302,290
302,294
302,297
302,298
302,300
302,304
302,305
302,306
302,307
302,309
302,310
302,311
302,313
302,314
302,315
302,316
302,318
302,320
302,323
302,325
302,326
302,327
302,328
302,329
302,330
302,331
302,332
302,333
302,334
302,335
302,336
302,337
302,338
302,339
302,340
302,341
302,342
302,343
302,344
303,257
303,258
303,259
303,261
303,262
303,263
303,264
303,265
303,266
303,268
303,269
303,270
303,271
303,273
303,275
303,277
303,279
303,281
303,283
303,286
303,287
303,294
303,295
303,298
303,300
303,302
303,304
303,306
303,307
303,308
303,309
303,310
303,313
303,314
303,315
303,316
303,319
303,322
303,325
303,327
303,328
303,329
303,330
303,331
303,332
303,334
303,335
303,336
303,337
303,338
303,339
303,340
303,341
303,342
303,343
303,344
304,256
304,257
304,258
304,259
304,260
304,261
304,262
304,263
304,265
304,266
304,267
304,268
304,269
304,270
304,271
304,272
304,276
304,277
304,280
304,281
304,282
304,284
304,285
304,288
304,289
304,290
304,291
304,292
304,293
304,294
304,296
304,300
304,301
304,303
304,304
304,305
304,306
304,311
304,313
304,319
304,320
304,322
304,324
304,326
304,327
304,328
304,329
304,330
304,331
304,332
304,333
304,334
304,336
304,341
304,342
304,343
304,344
304,345
305,257
305,258
305,259
305,260
305,261
305,262
305,264
305,265
305,267
305,268
305,269
305,270
305,276
305,277
305,280
305,282
305,283
305,287
305,288
305,289
305,291
305,292
305,294
305,295
305,298
305,299
305,300
305,302
305,303
305,304
305,305
305,306
305,309
305,310
305,311
305,313
305,314
305,317
305,320
305,322
305,323
305,324
305,326
305,327
305,329
305,330
305,331
305,333
305,337
305,338
305,341
305,344
305,345
305,346
306,253
306,260
306,261
306,262
306,263
306,264
306,266
306,267
306,269
306,270
306,272
306,273
306,274
306,276
306,277
306,278
306,280
306,281
306,288
306,289
306,293
306,294
306,295
306,296
306,299
306,301
306,304
306,307
306,308
306,309
306,310
306,315
306,316
306,317
306,318
306,320
306,321
306,322
306,326
306,328
306,329
306,330
306,331
306,332
306,335
306,337
306,339
306,341
306,343
306,344
306,345
306,346
307,253
307,261
307,262
307,265
307,271
307,272
307,273
307,280
307,285
307,286
307,289
307,290
307,291
307,293
307,294
307,295
307,297
307,299
307,300
307,301
307,303
307,304
307,305
307,307
307,308
307,309
307,312
307,313
307,316
307,317
307,318
307,319
307,320
307,322
307,323
307,324
307,325
307,326
307,328
307,329
307,330
307,331
307,332
307,334
307,335
307,336
307,337
307,338
307,340
307,341
307,342
307,343
307,344
307,345
307,346
307,347
308,252
308,253
308,261
308,273
308,280
308,288
308,289
308,292
308,295
308,296
308,297
308,301
308,305
308,306
308,309
308,310
308,311
308,314
308,316
308,317
308,318
308,319
308,320
308,321
308,322
308,323
308,327
308,329
308,330
308,331
308,332
308,333
308,334
308,335
308,336
308,337
308,338
308,339
308,340
308,341
308,342
308,343
308,344
308,345
308,346
308,347
309,260
309,266
309,269
309,271
309,276
309,279
309,286
309,287
309,290
309,292
309,293
309,298
309,301
309,302
309,304
309,305
309,309
309,310
309,311
309,312
309,313
309,315
309,317
309,319
309,321
309,322
309,323
309,325
309,326
309,327
309,328
309,329
309,330
309,331
309,332
309,333
309,334
309,335
309,336
309,337
309,339
309,340
309,341
309,342
309,349
309,350
310,254
310,265
310,267
310,268
310,272
310,274
310,276
310,278
310,279
310,280
310,285
310,290
310,292
310,293
310,294
310,295
310,297
310,298
310,299
310,301
310,303
310,305
310,306
310,307
310,309
310,310
310,312
310,313
310,314
310,315
310,316
310,317
310,318
310,321
310,322
310,323
310,324
310,328
310,329
310,330
310,332
310,333
310,334
310,336
310,337
310,342
310,349
311,254
311,261
311,262
311,264
311,265
311,269
311,270
311,271
311,274
311,277
311,286
311,289
311,290
311,291
311,292
311,293
311,297
311,300
311,305
311,307
311,313
311,314
311,315
311,316
311,317
311,319
311,321
311,322
311,324
311,326
311,327
311,329
311,330
311,331
311,332
311,333
311,334
311,335
312,262
312,263
312,265
312,266
312,267
312,268
312,269
312,270
312,271
312,272
312,273
312,274
312,275
312,280
312,281
312,282
312,284
312,285
312,287
312,288
312,291
312,292
312,294
312,297
312,298
312,302
312,303
312,304
312,305
312,306
312,312
312,313
312,314
312,315
312,316
312,317
312,318
312,319
312,320
312,321
312,323
312,324
312,325
312,326
312,330
312,331
312,332
312,333
312,336
312,338
312,339
312,340
313,262
313,263
313,265
313,266
313,269
313,270
313,271
313,272
313,273
313,274
313,276
313,277
313,279
313,282
313,284
313,285
313,287
313,288
313,292
313,293
313,295
313,296
313,297
313,301
313,302
313,303
313,304
313,305
313,306
313,308
313,309
313,310
313,312
313,313
313,314
313,316
313,317
313,318
313,319
313,321
313,322
313,323
313,324
313,325
313,326
313,328
313,329
313,330
313,331
313,342
314,259
314,260
314,261
314,265
314,266
314,267
314,268
314,270
314,271
314,272
314,273
314,274
314,278
314,279
314,282
314,284
314,285
314,286
314,294
314,295
314,296
314,297
314,298
314,301
314,302
314,303
314,304
314,308
314,309
314,310
314,311
314,312
314,317
314,319
314,320
314,321
314,322
314,323
314,329
314,330
314,331
314,334
314,337
314,341
315,260
315,261
315,262
315,263
315,264
315,265
315,267
315,268
315,270
315,271
315,272
315,273
315,275
315,276
315,278
315,280
315,281
315,284
315,285
315,286
315,287
315,288
315,289
315,290
315,293
315,294
315,295
315,296
315,298
315,300
315,301
315,302
315,304
315,306
315,307
315,309
315,313
315,315
315,316
315,318
315,319
315,320
315,321
315,323
315,325
315,326
315,327
315,336
315,337
315,345
316,256
316,259
316,260
316,261
316,262
316,263
316,265
316,266
316,267
316,268
316,270
316,271
316,272
316,273
316,274
316,275
316,276
316,278
316,282
316,283
316,284
316,285
316,287
316,288
316,289
316,291
316,294
316,295
316,296
316,300
316,301
316,302
316,305
316,307
316,308
316,309
316,310
316,311
316,313
316,314
316,315
316,318
316,319
316,321
316,322
316,323
316,332
316,333
316,340
317,255
317,256
317,257
317,258
317,259
317,261
317,263
317,264
317,265
317,266
317,267
317,268
317,269
317,271
317,272
317,273
317,274
317,277
317,278
317,279
317,280
317,282
317,283
317,284
317,287
317,288
317,289
317,290
317,295
317,297
317,302
317,303
317,304
317,306
317,308
317,311
317,312
317,313
317,314
317,315
317,316
317,318
317,319
317,320
317,321
317,323
317,325
317,328
317,329
317,331
317,339
317,342
318,256
318,257
318,258
318,260
318,261
318,262
318,264
318,265
318,266
318,267
318,268
318,269
318,270
318,272
318,273
318,274
318,275
318,278
318,279
318,280
318,281
318,282
318,283
318,284
318,286
318,287
318,288
318,290
318,292
318,294
318,295
318,296
318,298
318,302
318,303
318,305
318,306
318,311
318,312
318,313
318,314
318,316
318,317
318,318
318,320
318,321
318,322
318,323
318,324
318,329
318,336
318,338
319,257
319,258
319,259
319,260
319,261
319,264
319,265
319,266
319,267
319,268
319,269
319,270
319,271
319,272
319,273
319,275
319,276
319,277
319,279
319,280
319,281
319,282
319,283
319,284
319,285
319,286
319,287
319,290
319,291
319,292
319,293
319,294
319,295
319,296
319,297
319,299
319,304
319,306
319,309
319,310
319,311
319,312
319,313
319,314
319,315
319,316
319,318
319,319
319,320
319,321
319,322
319,324
319,329
319,333
320,259
320,260
320,265
320,266
320,267
320,268
320,270
320,271
320,273
320,274
320,278
320,280
320,281
320,282
320,283
320,284
320,285
320,288
320,290
320,292
320,294
320,296
320,298
320,302
320,306
320,307
320,308
320,310
320,314
320,315
320,317
320,319
320,320
320,322
320,323
320,324
320,336
321,259
321,260
321,265
321,267
321,268
321,269
321,270
321,271
321,272
321,273
321,275
321,276
321,277
321,281
321,282
321,285
321,289
321,290
321,291
321,292
321,293
321,294
321,296
321,297
321,303
321,308
321,312
321,313
321,314
321,315
321,316
321,317
321,318
321,319
321,320
321,321
321,322
321,324
321,325
322,260
322,266
322,267
322,268
322,269
322,271
322,273
322,274
322,276
322,278
322,281
322,282
322,284
322,285
322,286
322,288
322,289
322,293
322,294
322,295
322,298
322,303
322,308
322,312
322,313
322,314
322,315
322,316
322,318
322,320
322,321
322,322
322,323
322,324
322,325
322,330
323,266
323,267
323,268
323,269
323,271
323,272
323,273
323,274
323,275
323,276
323,277
323,278
323,280
323,281
323,282
323,283
323,284
323,285
323,288
323,289
323,291
323,292
323,293
323,294
323,295
323,301
323,307
323,308
323,311
323,312
323,313
323,315
323,317
323,318
323,319
323,320
323,321
323,322
323,323
323,324
323,325
323,327
323,337
323,340
324,264
324,265
324,266
324,267
324,268
324,270
324,271
324,272
324,273
324,274
324,275
324,276
324,277
324,278
324,279
324,280
324,281
324,282
324,283
324,284
324,285
324,288
324,289
324,290
324,292
324,294
324,300
324,305
324,309
324,311
324,313
324,314
324,316
324,317
324,318
324,319
324,321
324,322
324,323
324,324
324,326
324,327
324,328
324,333
325,266
325,267
325,268
325,269
325,270
325,271
325,272
325,273
325,274
325,275
325,276
325,277
325,279
325,281
325,282
325,283
325,284
325,285
325,286
325,287
325,288
325,289
325,290
325,291
325,292
325,313
325,315
325,316
325,317
325,318
325,319
325,321
325,322
325,323
325,324
325,325
325,326
326,270
326,271
326,272
326,275
326,276
326,278
326,279
326,280
326,281
326,282
326,283
326,284
326,285
326,287
326,288
326,289
326,290
326,291
326,292
326,293
326,314
326,318
326,319
326,321
326,322
326,323
326,324
326,325
326,332
327,269
327,270
327,271
327,272
327,273
327,277
327,279
327,280
327,281
327,282
327,283
327,284
327,285
327,286
327,288
327,289
327,290
327,291
327,292
327,293
327,294
327,304
327,308
327,317
327,318
327,319
327,321
327,322
327,323
327,324
327,325
328,271
328,272
328,273
328,274
328,275
328,278
328,279
328,280
328,281
328,282
328,283
328,284
328,285
328,286
328,287
328,288
328,289
328,290
328,291
328,292
328,293
328,294
328,303
328,304
328,309
328,310
328,311
328,321
328,322
328,323
328,324
328,325
328,327
329,271
329,272
329,273
329,274
329,275
329,276
329,278
329,279
329,280
329,281
329,282
329,283
329,284
329,285
329,286
329,287
329,288
329,289
329,290
329,291
329,293
329,294
329,295
329,301
329,302
329,303
329,304
329,308
329,321
329,322
329,323
329,324
329,325
330,273
330,274
330,275
330,276
330,277
330,280
330,281
330,283
330,284
330,285
330,286
330,287
330,289
330,290
330,291
330,292
330,293
330,294
330,295
330,301
330,302
330,303
330,323
330,324
330,325
330,326
331,277
331,278
331,281
331,282
331,283
331,293
331,301
331,302
331,309
331,311
331,323
332,283
332,293
332,306
333,318
335,313
