259,290
259,291
259,292
259,293
259,300
259,302
260,281
260,282
260,283
260,284
260,285
260,287
260,288
260,290
260,291
260,292
260,293
260,294
260,299
260,300
260,301
260,302
261,277
261,280
261,281
261,282
261,283
261,284
261,285
261,286
261,287
261,288
261,290
261,291
261,292
261,293
261,295
261,296
261,297
261,298
261,299
261,300
261,301
261,302
262,275
262,276
262,277
262,278
262,279
262,281
262,282
262,283
262,284
262,285
262,286
262,287
262,288
262,289
262,290
262,291
262,292
262,293
262,295
262,296
262,297
262,298
262,299
262,301
262,302
262,303
263,273
263,274
263,275
263,276
263,277
263,278
263,279
263,280
263,281
263,282
263,283
263,284
263,285
263,286
263,287
263,288
263,289
263,291
263,292
263,293
263,294
263,298
263,299
263,300
263,301
263,302
263,305
263,316
264,272
264,273
264,274
264,275
264,276
264,277
264,278
264,279
264,280
264,281
264,282
264,283
264,284
264,285
264,286
264,287
264,288
264,289
264,290
264,292
264,294
264,295
264,296
264,298
264,299
264,300
264,301
264,310
264,314
264,315
264,317
264,318
264,319
264,322
264,323
264,324
265,269
265,270
265,271
265,272
265,273
265,274
265,275
265,276
265,278
265,279
265,280
265,281
265,282
265,284
265,285
265,286
265,287
265,288
265,289
265,290
265,291
265,292
265,294
265,296
265,297
265,298
265,299
265,300
265,301
265,302
265,304
265,314
265,315
265,317
265,318
265,319
265,320
265,321
265,322
265,323
266,268
266,269
266,270
266,271
266,272
266,273
266,274
266,276
266,277
266,278
266,279
266,280
266,281
266,283
266,284
266,285
266,286
266,287
266,288
266,289
266,292
266,293
266,294
266,295
266,297
266,298
266,299
266,300
266,302
266,306
266,307
266,310
266,314
266,315
266,316
266,317
266,318
266,319
266,320
266,321
266,322
266,325
266,326
266,327
266,329
266,330
267,271
267,273
267,276
267,277
267,278
267,279
267,280
267,281
267,282
267,283
267,284
267,285
267,286
267,287
267,288
267,289
267,290
267,291
267,292
267,293
267,294
267,295
267,296
267,297
267,298
267,299
267,300
267,302
267,303
267,304
267,309
267,312
267,313
267,314
267,315
267,316
267,317
267,318
267,319
267,320
267,321
267,322
267,323
267,324
267,325
267,328
267,329
267,330
268,272
268,273
268,274
268,276
268,277
268,279
268,280
268,281
268,282
268,283
268,284
268,285
268,286
268,288
268,289
268,290
268,291
268,292
268,294
268,297
268,298
268,299
268,300
268,301
268,302
268,303
268,304
268,307
268,308
268,312
268,313
268,314
268,315
268,316
268,317
268,319
268,320
268,322
268,324
268,325
268,326
268,327
268,328
268,329
268,330
269,258
269,262
269,272
269,273
269,275
269,276
269,279
269,280
269,281
269,282
269,283
269,284
269,286
269,288
269,289
269,290
269,291
269,292
269,293
269,294
269,295
269,296
269,297
269,298
269,299
269,300
269,301
269,307
269,308
269,309
269,311
269,313
269,314
269,315
269,316
269,317
269,318
269,319
269,320
269,321
269,322
269,324
269,325
269,326
269,327
269,328
269,329
269,330
269,331
269,332
269,335
270,257
270,258
270,259
270,260
270,261
270,262
270,263
270,264
270,265
270,266
270,272
270,273
270,274
270,276
270,277
270,278
270,280
270,281
270,282
270,283
270,284
270,285
270,286
270,287
270,288
270,290
270,292
270,293
270,294
270,295
270,296
270,297
270,298
270,299
270,300
270,302
270,303
270,311
270,312
270,313
270,315
270,317
270,318
270,320
270,321
270,322
270,323
270,324
270,325
270,326
270,327
270,328
270,330
270,331
270,332
270,333
270,335
270,336
271,256
271,257
271,258
271,259
271,261
271,262
271,263
271,264
271,265
271,266
271,267
271,268
271,270
271,273
271,274
271,275
271,276
271,277
271,279
271,280
271,281
271,283
271,285
271,286
271,288
271,289
271,290
271,291
271,294
271,297
271,299
271,301
271,302
271,303
271,304
271,308
271,309
271,310
271,311
271,312
271,313
271,315
271,316
271,318
271,319
271,321
271,322
271,323
271,324
271,325
271,326
271,327
271,328
271,329
271,330
271,333
271,334
271,335
271,336
272,257
272,258
272,259
272,260
272,261
272,263
272,264
272,266
272,267
272,268
272,269
272,270
272,272
272,273
272,275
272,276
272,277
272,278
272,279
272,280
272,281
272,282
272,283
272,284
272,285
272,286
272,287
272,288
272,289
272,290
272,291
272,292
272,293
272,294
272,296
272,297
272,299
272,301
272,304
272,308
272,309
272,310
272,311
272,312
272,313
272,314
272,316
272,317
272,318
272,319
272,320
272,321
272,323
272,324
272,325
272,326
272,327
272,328
272,329
272,330
272,331
272,333
272,334
272,335
272,336
273,255
273,256
273,257
273,258
273,259
273,260
273,261
273,262
273,263
273,264
273,265
273,266
273,267
273,268
273,269
273,271
273,272
273,273
273,274
273,278
273,279
273,280
273,281
273,282
273,283
273,284
273,285
273,286
273,287
273,288
273,289
273,290
273,291
273,292
273,294
273,296
273,297
273,298
273,300
273,301
273,302
273,303
273,307
273,308
273,309
273,310
273,311
273,312
273,313
273,315
273,317
273,318
273,319
273,320
273,321
273,323
273,324
273,325
273,326
273,327
273,329
273,330
273,331
273,333
273,334
273,335
273,336
273,338
274,253
274,254
274,255
274,256
274,257
274,258
274,259
274,260
274,261
274,262
274,263
274,265
274,266
274,267
274,268
274,269
274,270
274,271
274,272
274,273
274,274
274,278
274,279
274,280
274,282
274,283
274,284
274,285
274,286
274,288
274,289
274,292
274,293
274,294
274,296
274,297
274,298
274,299
274,300
274,301
274,302
274,303
274,306
274,307
274,308
274,312
274,313
274,317
274,319
274,320
274,321
274,322
274,324
274,325
274,326
274,327
274,328
274,329
274,330
274,334
274,335
274,336
274,337
274,338
274,339
274,341
274,342
274,343
275,253
275,254
275,256
275,257
275,259
275,260
275,261
275,262
275,263
275,264
275,265
275,266
275,267
275,268
275,269
275,270
275,271
275,272
275,273
275,275
275,276
275,277
275,279
275,280
275,282
275,283
275,284
275,286
275,287
275,289
275,290
275,291
275,292
275,294
275,297
275,298
275,299
275,300
275,301
275,302
275,310
275,311
275,312
275,313
275,314
275,316
275,317
275,318
275,320
275,322
275,323
275,324
275,325
275,326
275,327
275,328
275,329
275,330
275,331
275,332
275,333
275,334
275,335
275,336
275,337
275,338
275,339
275,340
275,341
275,343
276,252
276,253
276,254
276,255
276,256
276,257
276,258
276,259
276,261
276,262
276,263
276,264
276,266
276,267
276,268
276,269
276,270
276,271
276,272
276,273
276,275
276,277
276,278
276,279
276,280
276,281
276,282
276,283
276,284
276,285
276,286
276,287
276,289
276,290
276,291
276,292
276,295
276,296
276,298
276,300
276,301
276,302
276,303
276,307
276,309
276,310
276,312
276,315
276,316
276,317
276,318
276,319
276,320
276,321
276,323
276,324
276,325
276,326
276,328
276,329
276,331
276,332
276,334
276,337
276,338
276,340
276,341
276,342
276,343
277,248
277,249
277,250
277,251
277,252
277,253
277,254
277,255
277,256
277,258
277,259
277,260
277,261
277,262
277,263
277,266
277,268
277,270
277,271
277,272
277,273
277,274
277,275
277,276
277,277
277,278
277,279
277,280
277,281
277,285
277,286
277,288
277,289
277,291
277,292
277,294
277,296
277,297
277,298
277,299
277,301
277,302
277,304
277,305
277,306
277,310
277,313
277,316
277,317
277,318
277,319
277,320
277,321
277,322
277,324
277,325
277,326
277,327
277,328
277,329
277,332
277,333
277,335
277,336
277,339
277,340
277,342
277,343
277,344
278,249
278,250
278,251
278,252
278,253
278,255
278,257
278,258
278,259
278,260
278,261
278,262
278,263
278,264
278,265
278,267
278,268
278,271
278,272
278,273
278,275
278,276
278,277
278,278
278,280
278,281
278,282
278,284
278,285
278,287
278,289
278,290
278,292
278,295
278,298
278,299
278,300
278,301
278,302
278,311
278,315
278,317
278,318
278,319
278,320
278,321
278,322
278,323
278,324
278,326
278,327
278,328
278,329
278,330
278,331
278,332
278,333
278,334
278,338
278,339
278,340
278,341
278,342
278,343
278,345
278,346
278,347
278,348
279,247
279,248
279,249
279,250
279,251
279,252
279,253
279,255
279,256
279,258
279,259
279,260
279,261
279,262
279,264
279,265
279,267
279,268
279,269
279,270
279,271
279,272
279,273
279,274
279,275
279,278
279,279
279,280
279,281
279,287
279,288
279,292
279,293
279,295
279,298
279,299
279,302
279,306
279,307
279,310
279,312
279,314
279,317
279,318
279,319
279,320
279,323
279,324
279,325
279,326
279,328
279,329
279,331
279,332
279,333
279,334
279,335
279,336
279,337
279,339
279,340
279,342
279,343
279,344
279,345
279,346
279,347
279,348
279,349
279,350
279,351
280,244
280,245
280,246
280,247
280,248
280,249
280,250
280,251
280,252
280,253
280,254
280,255
280,256
280,257
280,258
280,259
280,260
280,261
280,263
280,264
280,265
280,266
280,268
280,271
280,272
280,274
280,275
280,276
280,278
280,279
280,282
280,284
280,285
280,286
280,287
280,288
280,289
280,290
280,291
280,292
280,294
280,295
280,296
280,297
280,300
280,301
280,303
280,306
280,307
280,311
280,313
280,314
280,319
280,320
280,321
280,322
280,323
280,324
280,325
280,326
280,327
280,328
280,330
280,331
280,333
280,334
280,336
280,337
280,339
280,340
280,341
280,342
280,343
280,344
280,346
280,347
281,242
281,243
281,244
281,245
281,246
281,247
281,248
281,250
281,251
281,252
281,253
281,254
281,255
281,256
281,257
281,258
281,259
281,260
281,262
281,264
281,265
281,267
281,268
281,270
281,272
281,275
281,276
281,279
281,280
281,281
281,282
281,284
281,287
281,288
281,289
281,290
281,291
281,294
281,297
281,298
281,299
281,300
281,302
281,306
281,308
281,310
281,311
281,316
281,318
281,320
281,322
281,324
281,325
281,326
281,327
281,328
281,329
281,330
281,331
281,335
281,336
281,337
281,338
281,339
281,340
281,341
281,342
281,343
281,344
281,345
281,346
281,347
281,348
282,244
282,245
282,246
282,247
282,248
282,249
282,250
282,251
282,252
282,253
282,254
282,255
282,256
282,257
282,258
282,260
282,263
282,266
282,267
282,268
282,269
282,270
282,272
282,273
282,274
282,275
282,276
282,277
282,278
282,279
282,283
282,286
282,287
282,289
282,290
282,292
282,294
282,295
282,299
282,300
282,303
282,308
282,310
282,311
282,312
282,316
282,318
282,320
282,321
282,323
282,324
282,325
282,326
282,327
282,328
282,329
282,333
282,336
282,338
282,339
282,340
282,341
282,342
282,343
282,344
282,345
282,346
282,347
282,348
283,242
283,243
283,244
283,246
283,247
283,248
283,249
283,250
283,251
283,252
283,253
283,256
283,257
283,259
283,261
283,262
283,263
283,264
283,266
283,267
283,268
283,271
283,272
283,274
283,275
283,276
283,277
283,278
283,279
283,281
283,282
283,283
283,285
283,288
283,290
283,291
283,293
283,294
283,296
283,298
283,300
283,302
283,305
283,310
283,314
283,316
283,317
283,319
283,320
283,321
283,326
283,329
283,330
283,332
283,335
283,339
283,341
283,342
283,344
283,345
283,346
283,347
284,240
284,241
284,242
284,243
284,244
284,245
284,246
284,247
284,248
284,249
284,250
284,251
284,252
284,253
284,254
284,255
284,258
284,259
284,260
284,263
284,265
284,268
284,269
284,271
284,275
284,276
284,277
284,278
284,280
284,282
284,285
284,286
284,287
284,289
284,290
284,292
284,294
284,297
284,298
284,304
284,309
284,313
284,315
284,316
284,317
284,318
284,319
284,320
284,322
284,323
284,325
284,326
284,329
284,330
284,333
284,335
284,339
284,342
284,343
284,344
284,345
284,346
284,347
284,348
285,241
285,242
285,243
285,244
285,245
285,246
285,247
285,248
285,249
285,250
285,252
285,253
285,254
285,255
285,256
285,257
285,258
285,259
285,260
285,261
285,262
285,264
285,265
285,266
285,267
285,268
285,270
285,271
285,272
285,273
285,274
285,275
285,276
285,278
285,279
285,280
285,282
285,283
285,285
285,286
285,287
285,288
285,289
285,291
285,295
285,297
285,299
285,302
285,303
285,304
285,306
285,312
285,315
285,317
285,318
285,321
285,323
285,324
285,325
285,328
285,331
285,336
285,337
285,340
285,342
285,343
285,344
285,345
285,346
285,347
285,348
286,240
286,241
286,242
286,244
286,245
286,246
286,248
286,249
286,250
286,251
286,253
286,254
286,255
286,256
286,257
286,259
286,260
286,262
286,263
286,264
286,265
286,268
286,269
286,270
286,272
286,274
286,275
286,276
286,277
286,278
286,279
286,280
286,281
286,283
286,286
286,287
286,289
286,291
286,293
286,297
286,298
286,300
286,301
286,302
286,304
286,305
286,308
286,309
286,310
286,311
286,312
286,313
286,319
286,320
286,322
286,323
286,324
286,325
286,327
286,328
286,329
286,333
286,334
286,335
286,336
286,338
286,342
286,343
286,344
286,345
286,346
286,347
286,348
286,349
286,350
287,239
287,240
287,241
287,242
287,243
287,244
287,245
287,246
287,247
287,248
287,249
287,250
287,251
287,252
287,254
287,256
287,258
287,259
287,260
287,262
287,263
287,264
287,265
287,266
287,267
287,269
287,272
287,273
287,274
287,275
287,276
287,277
287,278
287,280
287,281
287,282
287,283
287,285
287,288
287,289
287,291
287,293
287,296
287,300
287,306
287,307
287,310
287,313
287,319
287,322
287,323
287,331
287,333
287,334
287,335
287,336
287,337
287,339
287,340
287,343
287,347
287,348
287,350
287,351
287,352
288,238
288,239
288,240
288,241
288,242
288,243
288,244
288,245
288,246
288,247
288,248
288,249
288,250
288,251
288,253
288,254
288,257
288,258
288,259
288,260
288,261
288,262
288,263
288,265
288,266
288,267
288,269
288,270
288,272
288,273
288,277
288,281
288,283
288,285
288,286
288,288
288,290
288,291
288,293
288,295
288,297
288,301
288,304
288,306
288,307
288,310
288,312
288,314
288,315
288,318
288,320
288,322
288,325
288,329
288,331
288,332
288,333
288,334
288,335
288,338
288,339
288,340
288,343
288,345
288,347
288,348
288,350
288,351
289,239
289,240
289,241
289,242
289,243
289,244
289,245
289,246
289,247
289,248
289,250
289,251
289,252
289,253
289,254
289,255
289,256
289,257
289,258
289,259
289,262
289,263
289,264
289,265
289,266
289,270
289,273
289,274
289,279
289,280
289,281
289,282
289,287
289,289
289,290
289,293
289,294
289,296
289,298
289,299
289,301
289,302
289,306
289,307
289,308
289,311
289,313
289,314
289,321
289,323
289,324
289,326
289,327
289,329
289,330
289,331
289,333
289,335
289,336
289,338
289,339
289,340
289,342
289,344
289,345
289,346
289,347
289,349
289,350
290,238
290,239
290,241
290,242
290,243
290,244
290,247
290,248
290,249
290,250
290,251
290,252
290,253
290,256
290,257
290,258
290,260
290,261
290,262
290,263
290,266
290,267
290,270
290,271
290,272
290,275
290,276
290,277
290,278
290,279
290,281
290,286
290,288
290,289
290,290
290,298
290,300
290,301
290,302
290,304
290,305
290,307
290,308
290,309
290,313
290,314
290,315
290,318
290,320
290,322
290,323
290,325
290,326
290,329
290,330
290,332
290,333
290,336
290,338
290,339
290,340
290,342
290,344
290,345
290,346
290,347
290,348
290,349
290,351
291,239
291,240
291,241
291,242
291,243
291,244
291,245
291,246
291,247
291,248
291,249
291,250
291,251
291,253
291,254
291,257
291,258
291,260
291,261
291,262
291,263
291,264
291,265
291,266
291,269
291,271
291,273
291,275
291,277
291,280
291,281
291,282
291,284
291,286
291,287
291,288
291,293
291,295
291,296
291,298
291,303
291,306
291,308
291,309
291,311
291,314
291,318
291,321
291,322
291,323
291,324
291,325
291,326
291,327
291,331
291,332
291,334
291,335
291,336
291,337
291,338
291,339
291,340
291,342
291,343
291,344
291,345
291,349
292,240
292,242
292,243
292,244
292,245
292,246
292,247
292,248
292,249
292,251
292,255
292,256
292,259
292,264
292,271
292,272
292,273
292,274
292,275
292,276
292,277
292,279
292,280
292,281
292,282
292,287
292,293
292,297
292,299
292,303
292,305
292,306
292,307
292,310
292,311
292,313
292,315
292,316
292,320
292,322
292,325
292,326
292,327
292,328
292,329
292,330
292,331
292,333
292,334
292,335
292,336
292,337
292,339
292,340
292,341
292,342
292,344
292,345
292,346
293,240
293,241
293,244
293,245
293,246
293,247
293,248
293,249
293,250
293,251
293,252
293,253
293,254
293,255
293,257
293,259
293,262
293,267
293,270
293,273
293,276
293,278
293,279
293,286
293,288
293,289
293,291
293,294
293,298
293,299
293,300
293,302
293,307
293,308
293,310
293,312
293,315
293,317
293,318
293,319
293,321
293,323
293,324
293,326
293,327
293,328
293,329
293,334
293,335
293,336
293,337
293,338
293,339
293,340
293,342
293,344
293,345
293,346
293,347
293,348
293,349
293,350
293,351
294,241
294,244
294,246
294,249
294,250
294,251
294,252
294,253
294,256
294,259
294,261
294,267
294,268
294,272
294,275
294,277
294,278
294,279
294,283
294,285
294,287
294,290
294,291
294,294
294,297
294,298
294,300
294,301
294,302
294,303
294,309
294,311
294,312
294,314
294,316
294,321
294,322
294,323
294,324
294,327
294,328
294,330
294,331
294,335
294,338
294,339
294,340
294,343
294,344
294,345
294,346
294,347
294,348
294,350
295,244
295,247
295,249
295,250
295,253
295,257
295,258
295,260
295,263
295,272
295,273
295,278
295,279
295,280
295,282
295,293
295,295
295,298
295,301
295,303
295,304
295,308
295,310
295,313
295,315
295,316
295,317
295,318
295,319
295,320
295,323
295,326
295,329
295,330
295,332
295,337
295,338
295,343
295,346
295,347
295,348
295,349
295,350
296,243
296,247
296,248
296,249
296,250
296,251
296,256
296,257
296,260
296,264
296,266
296,269
296,272
296,274
296,275
296,276
296,279
296,280
296,282
296,289
296,290
296,292
296,293
296,297
296,298
296,302
296,303
296,305
296,308
296,309
296,312
296,315
296,316
296,317
296,318
296,321
296,322
296,324
296,325
296,332
296,334
296,335
296,336
296,337
296,339
296,342
296,347
297,240
297,244
297,246
297,248
297,253
297,258
297,259
297,261
297,262
297,267
297,269
297,272
297,273
297,274
297,276
297,278
297,279
297,281
297,283
297,284
297,285
297,288
297,291
297,293
297,299
297,302
297,303
297,304
297,308
297,311
297,314
297,316
297,318
297,319
297,321
297,322
297,326
297,329
297,330
297,332
297,334
297,335
297,338
297,340
297,343
297,347
297,348
297,349
298,237
298,238
298,252
298,257
298,258
298,260
298,262
298,263
298,264
298,272
298,276
298,279
298,284
298,286
298,296
298,297
298,299
298,301
298,310
298,311
298,314
298,318
298,320
298,322
298,327
298,328
298,333
298,334
298,335
299,242
299,244
299,263
299,264
299,265
299,266
299,267
299,268
299,269
299,270
299,271
299,272
299,274
299,275
299,276
299,285
299,289
299,290
299,298
299,302
299,309
299,310
299,312
299,314
299,318
299,319
299,320
299,326
299,327
299,328
299,329
299,333
299,334
299,335
299,336
299,337
299,338
299,340
299,343
299,344
299,351
299,352
300,240
300,248
300,253
300,257
300,261
300,264
300,265
300,268
300,269
300,271
300,274
300,277
300,279
300,280
300,284
300,285
300,286
300,287
300,291
300,294
300,295
300,296
300,297
300,306
300,307
300,308
300,309
300,312
300,317
300,319
300,320
300,321
300,322
300,324
300,327
300,328
300,330
300,332
300,333
300,334
300,335
300,336
300,337
300,343
300,346
300,350
300,351
300,352
300,353
300,354
301,241
301,248
301,249
301,255
301,260
301,263
301,265
301,266
301,267
301,268
301,269
301,274
301,275
301,277
301,279
301,280
301,281
301,285
301,286
301,293
301,300
301,301
301,304
301,309
301,311
301,315
301,317
301,318
301,319
301,323
301,324
301,325
301,326
301,327
301,328
301,331
301,332
301,334
301,335
301,336
301,337
301,339
301,340
301,341
301,342
301,343
301,346
301,348
301,349
301,350
301,351
301,352
301,353
301,354
301,355
302,241
302,242
302,245
302,252
302,254
302,255
302,256
302,262
302,264
302,265
302,266
302,270
302,272
302,273
302,276
302,277
302,278
302,279
302,281
302,282
302,283
302,287
302,288
302,289
302,293
302,294
302,295
302,299
302,303
302,305
302,306
302,307
302,308
302,312
302,316
302,317
302,318
302,319
302,320
302,321
302,322
302,328
302,329
302,330
302,332
302,334
302,338
302,340
302,341
302,342
302,344
302,345
302,346
302,348
302,349
302,350
302,351
302,352
302,353
302,354
302,355
302,356
303,247
303,250
303,254
303,256
303,259
303,261
303,262
303,263
303,267
303,269
303,273
303,280
303,283
303,284
303,288
303,289
303,290
303,291
303,292
303,293
303,294
303,295
303,296
303,299
303,300
303,302
303,303
303,304
303,306
303,308
303,310
303,311
303,312
303,313
303,315
303,316
303,317
303,318
303,319
303,321
303,322
303,323
303,324
303,326
303,327
303,328
303,334
303,335
303,336
303,338
303,339
303,340
303,341
303,342
303,343
303,345
303,346
303,347
303,348
303,349
303,350
303,352
303,353
303,354
303,357
303,358
304,241
304,246
304,248
304,252
304,257
304,265
304,266
304,267
304,269
304,271
304,273
304,279
304,281
304,287
304,290
304,291
304,293
304,295
304,297
304,298
304,299
304,300
304,301
304,302
304,305
304,308
304,312
304,313
304,315
304,318
304,321
304,322
304,323
304,324
304,331
304,333
304,334
304,335
304,337
304,338
304,339
304,340
304,341
304,343
304,344
304,345
304,346
304,347
304,348
304,349
304,350
304,351
304,352
304,354
304,355
304,356
304,357
305,244
305,245
305,252
305,255
305,256
305,258
305,261
305,262
305,264
305,266
305,268
305,273
305,282
305,283
305,284
305,287
305,288
305,292
305,293
305,295
305,296
305,298
305,301
305,309
305,312
305,313
305,314
305,315
305,318
305,319
305,322
305,326
305,327
305,328
305,331
305,334
305,336
305,337
305,338
305,339
305,340
305,341
305,342
305,343
305,344
305,345
305,346
305,347
305,348
305,349
305,350
305,351
305,352
305,353
305,354
305,355
306,247
306,252
306,253
306,255
306,256
306,260
306,261
306,267
306,268
306,270
306,272
306,274
306,275
306,276
306,277
306,279
306,280
306,281
306,282
306,283
306,284
306,286
306,287
306,289
306,291
306,294
306,295
306,296
306,297
306,299
306,302
306,305
306,306
306,309
306,314
306,316
306,320
306,321
306,328
306,331
306,332
306,335
306,336
306,337
306,341
306,342
306,343
306,345
306,346
306,347
306,348
306,349
306,350
306,351
306,352
306,353
306,354
306,355
307,245
307,247
307,249
307,258
307,260
307,264
307,265
307,268
307,269
307,270
307,276
307,277
307,278
307,279
307,281
307,282
307,285
307,287
307,288
307,292
307,294
307,295
307,296
307,297
307,300
307,307
307,308
307,310
307,311
307,312
307,317
307,318
307,320
307,324
307,327
307,332
307,335
307,339
307,340
307,341
307,342
307,343
307,344
307,345
307,346
307,347
307,348
307,349
307,350
307,351
307,352
307,353
308,241
308,249
308,254
308,256
308,258
308,259
308,268
308,269
308,273
308,277
308,280
308,281
308,282
308,283
308,284
308,285
308,286
308,292
308,293
308,294
308,297
308,299
308,300
308,301
308,302
308,304
308,310
308,312
308,316
308,317
308,319
308,321
308,323
308,325
308,329
308,331
308,333
308,334
308,337
308,338
308,340
308,341
308,343
308,344
308,345
308,346
308,347
308,348
308,349
308,350
308,352
308,353
308,354
308,355
309,255
309,257
309,260
309,261
309,262
309,263
309,264
309,266
309,271
309,272
309,276
309,278
309,280
309,281
309,282
309,283
309,285
309,288
309,290
309,291
309,293
309,294
309,298
309,302
309,304
309,305
309,309
309,311
309,315
309,316
309,318
309,319
309,321
309,322
309,325
309,332
309,341
309,342
309,343
309,344
309,346
309,347
309,348
309,351
309,352
309,353
309,354
309,355
310,248
310,251
310,269
310,270
310,273
310,274
310,276
310,280
310,281
310,282
310,284
310,285
310,288
310,289
310,290
310,293
310,295
310,298
310,300
310,301
310,308
310,310
310,311
310,316
310,319
310,328
310,332
310,336
310,340
310,341
310,343
310,344
310,345
310,346
310,347
310,348
310,349
310,350
310,351
310,352
310,354
310,355
310,356
310,357
311,243
311,245
311,250
311,251
311,253
311,256
311,258
311,259
311,265
311,275
311,276
311,278
311,281
311,282
311,284
311,285
311,286
311,287
311,288
311,290
311,291
311,292
311,296
311,297
311,298
311,299
311,306
311,308
311,309
311,310
311,312
311,313
311,314
311,317
311,318
311,319
311,320
311,322
311,323
311,330
311,333
311,334
311,335
311,341
311,342
311,343
311,345
311,347
311,348
311,349
311,350
311,351
311,352
311,353
311,354
311,355
311,356
312,250
312,252
312,254
312,256
312,257
312,269
312,272
312,274
312,277
312,282
312,283
312,284
312,286
312,287
312,288
312,292
312,293
312,296
312,297
312,300
312,303
312,304
312,306
312,307
312,308
312,309
312,312
312,313
312,316
312,317
312,318
312,319
312,321
312,322
312,323
312,324
312,325
312,327
312,329
312,330
312,331
312,342
312,343
312,344
312,345
312,346
312,347
312,348
312,349
312,350
312,351
312,352
312,353
312,354
313,240
313,247
313,248
313,252
313,256
313,257
313,258
313,260
313,267
313,268
313,269
313,273
313,275
313,283
313,286
313,287
313,288
313,289
313,290
313,294
313,295
313,299
313,300
313,306
313,311
313,312
313,313
313,314
313,315
313,316
313,320
313,330
313,341
313,343
313,344
313,345
313,346
313,347
313,348
313,349
313,350
313,351
313,352
313,353
314,253
314,254
314,257
314,258
314,260
314,264
314,268
314,270
314,272
314,274
314,275
314,276
314,277
314,279
314,280
314,282
314,283
314,284
314,285
314,286
314,287
314,288
314,293
314,294
314,295
314,302
314,307
314,309
314,310
314,312
314,313
314,317
314,319
314,321
314,322
314,323
314,326
314,328
314,333
314,334
314,335
314,336
314,343
314,344
314,345
314,346
314,347
314,348
314,349
315,244
315,245
315,251
315,252
315,253
315,254
315,257
315,258
315,262
315,266
315,272
315,274
315,276
315,277
315,280
315,282
315,285
315,287
315,290
315,293
315,294
315,297
315,300
315,301
315,303
315,305
315,307
315,309
315,313
315,315
315,316
315,321
315,323
315,328
315,335
315,336
315,337
315,344
315,345
315,346
315,347
315,348
316,239
316,242
316,251
316,252
316,253
316,254
316,265
316,266
316,268
316,269
316,271
316,273
316,274
316,275
316,277
316,278
316,279
316,281
316,284
316,285
316,286
316,287
316,290
316,293
316,297
316,298
316,300
316,305
316,309
316,312
316,314
316,317
316,319
316,322
316,323
316,328
316,336
316,337
316,346
316,347
316,348
316,349
317,249
317,250
317,251
317,252
317,258
317,263
317,264
317,269
317,271
317,272
317,273
317,275
317,277
317,279
317,281
317,283
317,284
317,285
317,286
317,287
317,291
317,294
317,295
317,296
317,297
317,299
317,300
317,303
317,304
317,313
317,314
317,318
317,319
317,320
317,322
317,330
317,333
317,335
317,337
317,338
317,339
317,343
317,347
318,250
318,251
318,252
318,253
318,268
318,270
318,271
318,273
318,274
318,276
318,279
318,280
318,281
318,283
318,284
318,285
318,286
318,287
318,291
318,292
318,296
318,297
318,298
318,299
318,300
318,301
318,302
318,304
318,305
318,306
318,307
318,308
318,310
318,314
318,316
318,317
318,319
318,320
318,321
318,325
318,327
318,330
318,335
318,337
318,339
318,345
319,250
319,251
319,254
319,257
319,260
319,265
319,269
319,270
319,271
319,280
319,282
319,283
319,285
319,286
319,287
319,288
319,289
319,290
319,291
319,292
319,296
319,297
319,300
319,301
319,305
319,310
319,312
319,314
319,316
319,318
319,319
319,321
319,324
319,325
319,326
319,333
319,336
320,248
320,249
320,250
320,256
320,257
320,264
320,266
320,268
320,270
320,271
320,272
320,275
320,278
320,279
320,280
320,281
320,283
320,284
320,285
320,286
320,287
320,289
320,290
320,294
320,295
320,296
320,297
320,304
320,305
320,311
320,312
320,313
320,314
320,315
320,317
320,320
320,322
320,331
320,333
320,347
321,250
321,261
321,263
321,268
321,278
321,279
321,280
321,283
321,284
321,285
321,286
321,287
321,289
321,291
321,292
321,293
321,298
321,299
321,303
321,304
321,308
321,311
321,315
321,317
321,322
321,324
321,325
321,327
321,330
321,337
321,345
322,266
322,270
322,271
322,275
322,276
322,277
322,278
322,279
322,280
322,283
322,287
322,288
322,289
322,293
322,296
322,297
322,299
322,300
322,301
322,303
322,305
322,307
322,312
322,323
322,329
322,330
322,335
322,336
322,345
323,265
323,267
323,276
323,277
323,278
323,282
323,283
323,284
323,286
323,288
323,289
323,293
323,295
323,301
323,302
323,303
323,304
323,315
323,317
323,318
323,321
323,322
323,323
323,325
323,327
323,331
323,339
324,270
324,277
324,278
324,279
324,281
324,283
324,285
324,287
324,288
324,289
324,290
324,295
324,298
324,303
324,304
324,306
324,308
324,310
324,313
324,317
324,318
324,320
324,321
324,323
324,328
324,332
324,341
324,342
324,343
325,275
325,276
325,277
325,280
325,283
325,284
325,285
325,287
325,289
325,294
325,297
325,299
325,300
325,301
325,308
325,312
325,313
325,314
325,315
325,318
325,319
325,321
325,322
325,323
325,327
325,331
325,332
325,333
325,335
326,260
326,278
326,280
326,281
326,282
326,283
326,284
326,285
326,286
326,287
326,294
326,295
326,297
326,298
326,302
326,304
326,307
326,310
326,311
326,314
326,316
326,318
326,319
326,320
326,321
326,322
326,323
326,324
326,325
326,326
326,327
326,333
327,262
327,271
327,272
327,273
327,276
327,277
327,278
327,279
327,280
327,281
327,284
327,285
327,287
327,288
327,289
327,292
327,294
327,295
327,297
327,300
327,301
327,302
327,304
327,305
327,307
327,308
327,309
327,310
327,311
327,312
327,318
327,319
327,320
327,321
327,322
327,325
327,326
328,276
328,277
328,278
328,279
328,280
328,281
328,282
328,283
328,284
328,285
328,286
328,288
328,291
328,294
328,296
328,297
328,299
328,308
328,309
328,310
328,311
328,313
328,314
328,315
328,319
328,320
328,321
328,322
328,323
328,325
328,328
329,266
329,273
329,275
329,277
329,278
329,279
329,280
329,284
329,285
329,287
329,288
329,289
329,290
329,292
329,293
329,294
329,296
329,297
329,299
329,300
329,301
329,302
329,308
329,310
329,311
329,315
329,316
329,317
329,319
329,320
329,321
329,322
329,323
329,324
329,326
329,329
330,273
330,275
330,277
330,278
330,279
330,280
330,281
330,282
330,283
330,284
330,285
330,286
330,287
330,288
330,293
330,295
330,296
330,297
330,299
330,301
330,302
330,309
330,310
330,312
330,317
330,318
330,325
330,326
330,327
330,328
330,329
331,264
331,273
331,275
331,277
331,279
331,282
331,283
331,284
331,286
331,288
331,290
331,293
331,295
331,297
331,298
331,299
331,300
331,301
331,302
331,303
331,304
331,312
331,313
331,317
331,318
331,321
331,325
331,326
331,327
331,328
332,269
332,272
332,273
332,274
332,275
332,277
332,278
332,279
332,280
332,281
332,282
332,285
332,286
332,287
332,288
332,289
332,291
332,296
332,297
332,298
332,299
332,300
332,301
332,302
332,303
332,304
332,305
332,313
332,317
332,318
332,325
332,326
333,271
333,278
333,280
333,281
333,282
333,283
333,284
333,285
333,286
333,287
333,288
333,289
333,290
333,291
333,293
333,295
333,296
333,297
333,298
333,299
333,301
333,302
333,303
333,304
333,309
333,310
333,318
334,265
334,275
334,278
334,279
334,280
334,281
334,282
334,283
334,284
334,286
334,287
334,288
334,289
334,290
334,291
334,292
334,294
334,295
334,297
334,298
334,299
334,300
334,301
334,302
334,303
334,317
334,318
334,319
334,321
335,265
335,272
335,273
335,274
335,277
335,278
335,279
335,280
335,281
335,282
335,283
335,284
335,285
335,286
335,287
335,288
335,289
335,290
335,291
335,293
335,294
335,295
335,296
335,297
335,298
335,299
335,300
335,301
335,302
335,303
335,304
335,317
335,318
336,273
336,274
336,278
336,279
336,280
336,281
336,282
336,283
336,284
336,285
336,286
336,288
336,289
336,290
336,291
336,292
336,293
336,294
336,295
336,297
336,298
336,299
336,300
336,301
336,302
336,303
336,304
336,305
336,318
337,281
337,283
337,284
337,285
337,286
337,287
337,288
337,289
337,290
337,291
337,292
337,293
337,294
337,295
337,296
337,297
337,298
337,299
337,300
337,301
337,302
337,303
337,304
338,286
338,287
338,288
338,292
338,293
338,294
338,295
338,297
338,298
338,299
338,300
338,301
338,302
338,303
338,304
338,305
339,293
339,294
339,295
339,296
339,298
339,299
339,303
339,304
339,305
340,296
