266,298
266,299
267,298
267,299
267,300
268,298
268,300
269,293
269,308
270,293
270,294
270,299
271,288
271,290
271,294
271,297
271,302
272,287
272,288
272,293
272,294
272,298
273,288
273,294
274,287
274,296
274,315
274,316
275,291
275,295
275,300
275,308
275,314
275,315
275,316
275,317
276,297
276,309
276,311
276,312
276,313
276,314
276,315
276,316
276,317
276,318
276,319
276,320
277,278
277,292
277,293
277,295
277,300
277,301
277,304
277,310
277,312
277,313
277,314
277,315
277,316
277,317
277,318
277,319
277,320
277,321
278,288
278,290
278,301
278,309
278,311
278,312
278,313
278,315
278,316
278,317
278,318
278,319
278,320
278,321
279,281
279,286
279,288
279,297
279,309
279,310
279,312
279,313
279,314
279,315
279,316
279,318
279,319
279,320
279,321
279,322
279,323
279,324
280,278
280,281
280,285
280,292
280,295
280,299
280,303
280,308
280,309
280,310
280,311
280,312
280,313
280,315
280,316
280,318
280,319
280,320
280,321
280,322
280,323
280,324
280,325
281,281
281,288
281,292
281,294
281,295
281,306
281,307
281,309
281,310
281,311
281,314
281,315
281,316
281,317
281,318
281,319
281,320
281,321
281,322
281,324
281,325
281,326
281,327
282,283
282,285
282,286
282,288
282,290
282,292
282,293
282,295
282,299
282,302
282,304
282,308
282,310
282,311
282,312
282,313
282,314
282,315
282,316
282,317
282,318
282,320
282,321
282,322
282,324
282,325
282,326
282,327
282,328
282,329
283,286
283,288
283,289
283,290
283,296
283,298
283,299
283,301
283,302
283,303
283,308
283,310
283,311
283,312
283,313
283,314
283,315
283,316
283,317
283,320
283,321
283,322
283,323
283,325
283,326
283,327
283,328
283,329
283,330
283,331
283,332
283,333
284,267
284,269
284,271
284,274
284,283
284,296
284,297
284,299
284,301
284,303
284,305
284,307
284,308
284,309
284,311
284,312
284,314
284,315
284,316
284,317
284,318
284,319
284,320
284,321
284,322
284,323
284,324
284,325
284,327
284,328
284,329
284,330
284,331
284,332
284,333
284,334
285,276
285,279
285,284
285,285
285,288
285,290
285,293
285,296
285,297
285,300
285,301
285,302
285,303
285,305
285,308
285,309
285,311
285,312
285,313
285,316
285,318
285,319
285,321
285,322
285,323
285,325
285,326
285,327
285,328
285,329
285,330
285,331
285,332
286,273
286,277
286,279
286,281
286,285
286,288
286,289
286,291
286,297
286,299
286,305
286,306
286,307
286,308
286,309
286,310
286,311
286,312
286,315
286,316
286,317
286,318
286,321
286,322
286,323
286,324
286,325
286,326
286,328
286,329
286,330
286,331
286,332
286,333
287,280
287,288
287,290
287,291
287,298
287,299
287,300
287,302
287,303
287,307
287,308
287,312
287,313
287,315
287,319
287,320
287,321
287,322
287,323
287,324
287,325
287,328
287,329
287,330
287,331
288,275
288,278
288,282
288,286
288,288
288,289
288,290
288,293
288,295
288,299
288,300
288,304
288,306
288,308
288,309
288,311
288,312
288,313
288,314
288,317
288,318
288,319
288,320
288,321
289,276
289,281
289,283
289,286
289,288
289,290
289,291
289,296
289,299
289,302
289,304
289,306
289,307
289,309
289,312
289,313
289,314
289,315
289,316
289,317
289,319
289,321
289,330
290,274
290,276
290,283
290,285
290,287
290,290
290,292
290,295
290,298
290,300
290,301
290,302
290,303
290,308
290,315
290,325
290,327
290,329
291,270
291,272
291,273
291,279
291,281
291,286
291,287
291,292
291,293
291,296
291,297
291,299
291,300
291,302
291,306
291,312
291,317
291,322
291,334
292,276
292,281
292,283
292,286
292,289
292,295
292,296
292,298
292,302
292,304
292,312
292,315
292,318
292,325
292,326
292,328
293,274
293,278
293,281
293,283
293,288
293,290
293,292
293,295
293,298
293,299
293,305
293,306
293,308
293,310
293,312
293,313
293,317
293,320
293,321
293,324
294,266
294,269
294,276
294,278
294,287
294,290
294,293
294,295
294,296
294,298
294,301
294,303
294,307
294,309
294,311
294,315
294,318
295,271
295,284
295,292
295,293
295,301
295,303
295,304
295,308
295,311
295,313
295,316
295,317
295,332
295,333
296,271
296,273
296,274
296,276
296,279
296,280
296,282
296,283
296,285
296,286
296,287
296,289
296,292
296,300
296,301
296,303
296,304
296,306
296,308
296,310
296,311
296,322
296,327
296,328
296,330
296,331
296,332
296,333
296,334
296,335
297,265
297,267
297,268
297,269
297,275
297,277
297,278
297,279
297,289
297,294
297,295
297,296
297,297
297,303
297,304
297,306
297,307
297,308
297,309
297,310
297,313
297,317
297,319
297,320
297,322
297,323
297,325
297,326
297,328
297,331
297,333
297,334
297,335
297,336
297,337
297,338
298,265
298,267
298,268
298,269
298,270
298,272
298,274
298,280
298,286
298,288
298,291
298,293
298,295
298,299
298,301
298,305
298,308
298,309
298,312
298,313
298,314
298,315
298,316
298,318
298,322
298,324
298,325
298,326
298,327
298,329
298,330
298,331
298,332
298,333
298,334
299,263
299,264
299,265
299,266
299,267
299,268
299,269
299,275
299,278
299,280
299,281
299,284
299,292
299,294
299,296
299,297
299,299
299,300
299,302
299,304
299,306
299,307
299,312
299,315
299,318
299,320
299,321
299,322
299,324
299,325
299,326
299,327
299,330
299,331
299,332
299,333
300,266
300,267
300,271
300,275
300,280
300,287
300,288
300,290
300,291
300,293
300,296
300,298
300,299
300,300
300,303
300,306
300,309
300,312
300,313
300,318
300,320
300,321
300,323
300,324
300,325
300,326
300,331
301,267
301,269
301,271
301,275
301,281
301,282
301,283
301,286
301,289
301,291
301,294
301,295
301,297
301,298
301,299
301,300
301,302
301,305
301,306
301,310
301,314
301,315
301,318
301,324
301,326
301,338
301,339
301,340
302,267
302,273
302,276
302,278
302,287
302,288
302,289
302,291
302,292
302,293
302,295
302,296
302,299
302,301
302,302
302,303
302,304
302,312
302,317
302,319
302,321
302,322
302,324
302,325
303,266
303,267
303,268
303,274
303,276
303,278
303,280
303,282
303,284
303,285
303,288
303,290
303,291
303,292
303,293
303,296
303,297
303,299
303,301
303,305
303,309
303,311
303,312
303,317
303,318
303,320
303,321
303,323
303,324
304,272
304,273
304,274
304,275
304,278
304,283
304,287
304,290
304,292
304,295
304,296
304,298
304,302
304,307
304,308
304,309
304,310
304,312
304,314
304,315
304,317
304,321
304,325
304,335
304,336
304,337
304,338
304,339
305,262
305,263
305,266
305,272
305,274
305,278
305,279
305,281
305,283
305,285
305,286
305,290
305,293
305,296
305,299
305,300
305,307
305,308
305,312
305,316
305,318
305,321
305,328
305,334
305,335
305,336
305,338
305,339
305,340
305,341
306,265
306,268
306,275
306,276
306,277
306,279
306,280
306,282
306,283
306,284
306,285
306,287
306,290
306,291
306,292
306,294
306,297
306,298
306,299
306,300
306,302
306,303
306,305
306,306
306,310
306,311
306,312
306,314
306,316
306,319
306,323
306,333
306,334
306,336
307,259
307,260
307,261
307,263
307,264
307,266
307,267
307,268
307,269
307,270
307,274
307,275
307,276
307,277
307,278
307,279
307,280
307,281
307,282
307,283
307,287
307,288
307,296
307,298
307,302
307,306
307,310
307,311
307,312
307,314
307,315
307,327
307,333
308,258
308,259
308,260
308,261
308,262
308,263
308,264
308,265
308,266
308,267
308,268
308,269
308,270
308,272
308,273
308,274
308,275
308,276
308,277
308,278
308,279
308,281
308,282
308,283
308,284
308,285
308,286
308,287
308,290
308,291
308,294
308,298
308,299
308,300
308,301
308,302
308,303
308,307
308,312
308,315
308,317
308,325
308,328
309,258
309,259
309,260
309,261
309,262
309,263
309,264
309,265
309,267
309,268
309,270
309,271
309,272
309,273
309,274
309,275
309,277
309,278
309,280
309,281
309,282
309,283
309,284
309,285
309,287
309,288
309,289
309,291
309,294
309,295
309,296
309,297
309,299
309,300
309,303
309,306
309,307
309,308
309,314
309,318
309,324
309,326
309,338
310,259
310,260
310,261
310,262
310,263
310,264
310,266
310,268
310,269
310,270
310,271
310,272
310,273
310,274
310,275
310,277
310,278
310,279
310,281
310,282
310,283
310,284
310,285
310,286
310,287
310,288
310,289
310,291
310,296
310,298
310,300
310,301
310,302
310,304
310,308
310,311
310,319
310,320
310,325
310,326
310,327
310,338
310,339
310,340
310,341
310,343
311,259
311,260
311,261
311,262
311,263
311,265
311,266
311,267
311,272
311,273
311,276
311,278
311,279
311,280
311,281
311,282
311,283
311,284
311,285
311,287
311,288
311,294
311,295
311,296
311,298
311,299
311,301
311,302
311,304
311,308
311,309
311,310
311,311
311,312
311,318
311,320
311,328
311,336
311,337
311,338
311,339
311,340
311,341
311,342
311,343
312,261
312,263
312,264
312,276
312,277
312,278
312,279
312,282
312,283
312,286
312,289
312,290
312,293
312,295
312,296
312,297
312,298
312,300
312,301
312,302
312,305
312,307
312,308
312,309
312,310
312,311
312,314
312,317
312,322
312,329
312,334
312,335
312,336
312,337
312,338
312,340
312,341
312,342
312,343
313,275
313,280
313,281
313,286
313,287
313,289
313,290
313,294
313,297
313,298
313,299
313,300
313,301
313,304
313,307
313,311
313,318
313,327
313,334
313,335
313,336
313,337
313,338
313,339
313,340
313,341
313,342
314,275
314,276
314,277
314,281
314,283
314,287
314,288
314,290
314,291
314,292
314,297
314,298
314,299
314,300
314,302
314,303
314,305
314,306
314,313
314,314
314,315
314,316
314,317
314,322
314,324
314,325
314,326
314,327
314,328
314,335
314,336
314,337
314,338
314,339
314,340
314,341
315,266
315,269
315,270
315,277
315,279
315,282
315,283
315,286
315,291
315,292
315,297
315,298
315,299
315,303
315,305
315,307
315,308
315,310
315,311
315,312
315,314
315,317
315,324
315,326
315,327
315,328
315,329
315,330
315,331
315,332
315,333
315,334
315,335
315,336
315,337
315,338
315,339
315,340
316,263
316,269
316,277
316,279
316,280
316,281
316,290
316,294
316,297
316,298
316,299
316,300
316,306
316,316
316,317
316,320
316,321
316,324
316,326
316,327
316,328
316,329
316,330
316,331
316,334
316,335
316,336
316,337
316,338
316,339
316,340
316,341
316,342
317,270
317,275
317,276
317,281
317,285
317,286
317,291
317,293
317,294
317,296
317,299
317,300
317,301
317,307
317,308
317,309
317,310
317,322
317,324
317,326
317,327
317,328
317,329
317,330
317,331
317,332
317,333
317,334
317,335
317,336
317,337
317,338
317,339
317,340
318,274
318,276
318,277
318,285
318,289
318,291
318,293
318,297
318,298
318,299
318,300
318,301
318,308
318,309
318,310
318,315
318,325
318,326
318,327
318,328
318,330
318,331
318,332
318,333
318,334
318,335
318,337
318,339
318,340
319,274
319,278
319,289
319,298
319,300
319,301
319,302
319,303
319,305
319,307
319,308
319,309
319,310
319,323
319,325
319,326
319,327
319,328
319,329
319,330
319,331
319,332
319,334
319,335
319,336
319,337
319,338
319,339
320,276
320,277
320,279
320,280
320,287
320,291
320,293
320,295
320,297
320,299
320,300
320,301
320,302
320,303
320,304
320,305
320,307
320,309
320,311
320,312
320,316
320,324
320,325
320,326
320,327
320,328
320,329
320,330
320,331
320,332
320,333
320,334
320,335
320,336
320,337
321,279
321,280
321,286
321,287
321,288
321,291
321,295
321,298
321,299
321,300
321,301
321,302
321,304
321,306
321,309
321,310
321,311
321,323
321,324
321,325
321,326
321,327
321,328
321,329
321,330
321,331
321,332
321,333
321,335
321,336
321,337
321,338
322,270
322,277
322,280
322,286
322,287
322,290
322,291
322,296
322,297
322,299
322,300
322,301
322,302
322,303
322,304
322,305
322,306
322,307
322,308
322,309
322,310
322,311
322,325
322,326
322,327
322,328
322,329
322,330
322,331
322,332
322,335
322,336
322,337
323,270
323,286
323,287
323,291
323,296
323,297
323,298
323,299
323,300
323,302
323,303
323,304
323,305
323,306
323,309
323,310
323,316
323,326
323,328
323,329
323,330
323,336
324,286
324,287
324,291
324,293
324,295
324,296
324,297
324,298
324,299
324,301
324,302
324,303
324,304
324,305
324,306
324,307
324,308
324,310
324,312
324,315
324,320
325,278
325,280
325,286
325,287
325,294
325,295
325,296
325,297
325,298
325,299
325,300
325,301
325,302
325,303
325,304
325,305
325,306
325,307
325,308
325,309
325,310
325,311
325,312
325,320
326,287
326,294
326,296
326,297
326,298
326,299
326,300
326,301
326,302
326,303
326,304
326,305
326,306
326,307
326,308
326,309
326,310
326,311
326,312
326,313
326,315
326,316
326,317
326,320
327,299
327,302
327,303
327,305
327,306
327,307
327,308
327,309
327,310
327,311
327,312
327,313
327,314
327,315
328,305
328,306
328,307
328,308
328,310
328,312
328,313
328,314
328,315
328,316
329,307
329,308
329,309
329,310
329,311
329,312
329,313
329,314
330,309
330,310
330,311
330,312
330,313
330,314
