276,297
277,293
278,301
279,310
279,311
279,312
279,314
279,315
280,292
280,299
280,300
280,308
280,309
280,310
280,311
280,312
280,313
280,315
281,288
281,295
281,306
281,307
281,309
281,310
281,311
281,312
281,313
281,314
281,315
281,316
281,317
281,318
281,319
282,285
282,290
282,295
282,308
282,309
282,310
282,311
282,312
282,313
282,314
282,315
282,316
282,317
282,318
282,320
283,288
283,296
283,298
283,299
283,302
283,304
283,307
283,308
283,309
283,310
283,311
283,312
283,313
283,314
283,315
283,316
283,317
283,318
283,319
283,320
284,296
284,297
284,303
284,307
284,308
284,309
284,310
284,311
284,312
284,314
284,315
284,316
284,317
284,318
285,284
285,285
285,288
285,290
285,293
285,297
285,300
285,302
285,304
285,305
285,307
285,308
285,309
285,311
285,312
285,313
285,314
285,315
285,316
285,317
285,318
285,319
286,281
286,285
286,288
286,289
286,290
286,291
286,297
286,299
286,300
286,302
286,305
286,306
286,307
286,308
286,309
286,310
286,311
286,312
286,313
286,314
286,315
286,316
286,317
286,318
286,319
286,320
286,321
286,322
286,323
287,280
287,288
287,289
287,290
287,298
287,299
287,300
287,302
287,307
287,308
287,310
287,312
287,314
287,317
287,318
287,319
287,320
287,321
287,322
287,323
287,324
288,288
288,289
288,290
288,293
288,299
288,300
288,304
288,306
288,308
288,309
288,311
288,312
288,313
288,314
288,317
288,318
288,319
288,320
288,321
289,281
289,283
289,290
289,291
289,296
289,299
289,302
289,303
289,304
289,305
289,306
289,307
289,309
289,312
289,313
289,314
289,315
289,316
289,317
289,319
290,276
290,287
290,290
290,295
290,298
290,300
290,301
290,302
290,303
290,308
290,315
291,281
291,286
291,292
291,293
291,299
291,301
291,302
291,306
291,315
292,276
292,286
292,289
292,295
292,296
292,298
292,302
292,304
292,312
292,315
293,274
293,280
293,281
293,290
293,292
293,298
293,299
293,305
293,308
293,309
293,310
293,312
294,276
294,277
294,278
294,279
294,280
294,287
294,289
294,294
294,295
294,296
294,297
294,298
294,301
294,303
294,307
294,309
294,311
295,284
295,291
295,293
295,298
295,300
295,301
295,303
295,308
295,311
295,312
296,273
296,279
296,280
296,282
296,283
296,285
296,286
296,289
296,292
296,296
296,298
296,300
296,301
296,303
296,304
296,306
296,308
296,310
296,311
296,322
296,323
297,275
297,279
297,289
297,295
297,297
297,304
297,305
297,306
297,307
297,308
297,311
297,313
297,317
297,323
297,324
297,325
297,326
297,327
297,328
297,329
297,330
297,331
298,276
298,288
298,294
298,295
298,299
298,301
298,305
298,308
298,309
298,312
298,313
298,314
298,315
298,316
298,318
298,322
298,324
298,325
299,275
299,278
299,280
299,284
299,287
299,292
299,294
299,300
299,304
299,306
299,307
299,309
299,312
299,315
299,318
299,321
299,322
299,323
299,324
299,325
299,326
300,276
300,281
300,287
300,288
300,291
300,293
300,296
300,298
300,299
300,300
300,305
300,306
300,311
300,313
300,317
300,318
300,320
300,321
300,322
300,323
300,324
300,325
300,326
301,282
301,283
301,286
301,289
301,294
301,297
301,298
301,300
301,303
301,306
301,310
301,314
301,315
301,316
301,317
301,320
301,322
301,323
301,324
302,287
302,288
302,289
302,291
302,292
302,295
302,296
302,298
302,299
302,301
302,302
302,303
302,304
302,312
302,313
302,317
302,322
302,324
303,274
303,280
303,282
303,284
303,285
303,288
303,289
303,290
303,291
303,292
303,296
303,297
303,299
303,301
303,305
303,309
303,312
303,323
303,324
304,275
304,278
304,282
304,287
304,292
304,295
304,298
304,302
304,305
304,307
304,309
304,312
304,314
304,317
304,322
305,276
305,281
305,285
305,286
305,290
305,293
305,295
305,296
305,299
305,302
305,307
305,312
305,316
305,318
305,321
306,276
306,277
306,279
306,280
306,281
306,282
306,283
306,284
306,290
306,291
306,292
306,294
306,298
306,299
306,302
306,303
306,305
306,310
306,316
306,320
306,323
307,274
307,275
307,276
307,277
307,278
307,279
307,280
307,281
307,283
307,287
307,288
307,294
307,296
307,298
307,299
307,300
307,302
307,312
307,314
308,270
308,272
308,273
308,274
308,275
308,276
308,277
308,278
308,279
308,281
308,282
308,283
308,284
308,285
308,286
308,287
308,290
308,291
308,294
308,295
308,298
308,299
308,300
308,301
308,302
308,303
308,307
308,312
309,271
309,272
309,273
309,274
309,275
309,277
309,278
309,279
309,280
309,281
309,282
309,283
309,284
309,285
309,287
309,288
309,289
309,294
309,295
309,296
309,297
309,298
309,299
309,300
309,303
309,304
309,306
309,307
309,308
309,311
309,318
309,319
309,324
309,326
310,272
310,273
310,274
310,275
310,278
310,279
310,280
310,282
310,283
310,284
310,285
310,286
310,287
310,288
310,289
310,296
310,298
310,299
310,300
310,301
310,302
310,304
310,307
310,308
310,311
310,319
310,326
311,272
311,273
311,276
311,277
311,278
311,279
311,280
311,281
311,282
311,283
311,284
311,285
311,287
311,288
311,293
311,294
311,295
311,296
311,297
311,298
311,299
311,301
311,302
311,304
311,308
311,309
311,310
311,311
311,312
311,320
312,276
312,277
312,278
312,279
312,281
312,282
312,283
312,286
312,295
312,296
312,297
312,298
312,299
312,300
312,301
312,302
312,305
312,307
312,308
312,309
312,310
312,311
312,313
312,314
312,317
312,318
312,319
313,286
313,287
313,293
313,296
313,297
313,298
313,299
313,300
313,301
313,307
313,309
313,311
314,283
314,287
314,290
314,292
314,297
314,298
314,299
314,300
314,301
314,303
314,305
314,306
314,308
314,310
314,313
314,315
314,316
314,317
314,324
314,325
314,326
314,327
314,328
314,330
315,282
315,283
315,291
315,292
315,297
315,298
315,299
315,303
315,305
315,307
315,308
315,310
315,311
315,312
315,314
315,316
315,317
315,324
315,325
315,326
315,327
315,328
315,329
315,330
315,331
315,332
315,333
316,280
316,281
316,294
316,297
316,298
316,299
316,317
316,320
316,326
316,327
316,328
316,329
316,330
316,331
316,332
316,333
316,334
316,335
316,336
316,337
317,276
317,294
317,299
317,300
317,301
317,307
317,308
317,309
317,310
317,326
317,327
317,328
317,329
317,330
317,331
317,332
317,333
318,276
318,277
318,291
318,293
318,298
318,299
318,300
318,301
318,308
318,309
318,310
318,315
318,326
318,329
318,331
318,332
319,300
319,301
319,302
319,303
319,307
319,308
319,309
319,310
320,280
320,287
320,291
320,299
320,300
320,301
320,302
320,304
320,306
320,307
320,308
320,309
320,310
320,311
321,280
321,291
321,299
321,300
321,301
321,302
321,303
321,304
321,306
321,307
321,308
321,309
321,310
321,311
322,306
322,309
322,310
322,311
