262,296
262,299
262,300
263,296
263,299
263,300
264,299
264,300
265,299
265,300
265,302
266,293
266,298
266,301
267,294
267,298
267,300
268,287
268,291
268,293
268,294
268,298
268,300
268,302
268,305
268,308
269,283
269,284
269,285
269,287
269,293
269,297
269,299
269,302
269,308
269,312
269,317
269,318
270,283
270,284
270,285
270,286
270,287
270,292
270,293
270,294
270,299
270,300
270,317
270,318
270,320
270,321
270,323
271,285
271,286
271,287
271,288
271,290
271,292
271,294
271,297
271,301
271,302
271,306
271,309
271,316
271,317
271,318
271,319
271,320
271,321
271,322
271,323
271,324
272,287
272,288
272,289
272,290
272,293
272,294
272,299
272,304
272,307
272,309
272,317
272,318
272,319
272,320
272,321
272,322
272,323
273,281
273,288
273,294
273,299
273,302
273,307
273,315
273,316
273,317
273,318
273,319
273,320
273,321
273,322
273,323
273,324
274,278
274,285
274,286
274,287
274,295
274,296
274,298
274,299
274,315
274,316
274,318
274,319
274,320
274,321
274,322
274,323
274,324
274,325
275,282
275,286
275,290
275,291
275,292
275,295
275,299
275,300
275,305
275,308
275,314
275,315
275,316
275,317
275,318
275,319
275,320
275,321
275,322
275,323
275,324
275,325
276,281
276,282
276,286
276,290
276,294
276,297
276,300
276,309
276,311
276,312
276,313
276,314
276,315
276,316
276,317
276,318
276,319
276,320
276,321
276,322
276,323
276,324
276,326
277,274
277,276
277,278
277,279
277,282
277,283
277,287
277,292
277,293
277,295
277,300
277,301
277,306
277,310
277,312
277,313
277,314
277,315
277,316
277,317
277,318
277,319
277,320
277,322
277,323
277,324
277,325
277,326
277,327
277,328
277,329
278,287
278,288
278,290
278,298
278,309
278,311
278,312
278,313
278,315
278,316
278,318
278,319
278,321
278,322
278,323
278,325
278,326
278,327
278,328
278,329
278,330
279,281
279,286
279,288
279,294
279,297
279,304
279,306
279,309
279,310
279,312
279,314
279,315
279,316
279,318
279,319
279,320
279,321
279,322
279,323
279,324
279,325
279,326
279,327
279,328
279,329
279,330
279,334
280,274
280,278
280,279
280,281
280,290
280,292
280,294
280,295
280,299
280,301
280,303
280,308
280,310
280,311
280,312
280,313
280,315
280,316
280,317
280,318
280,319
280,320
280,321
280,322
280,323
280,325
280,326
280,327
280,329
280,330
280,332
280,333
280,334
280,335
281,280
281,292
281,294
281,295
281,301
281,302
281,303
281,305
281,306
281,309
281,310
281,311
281,315
281,316
281,317
281,318
281,319
281,320
281,321
281,322
281,324
281,325
281,327
281,329
281,330
281,331
281,332
281,333
281,334
281,335
282,262
282,269
282,270
282,273
282,275
282,285
282,286
282,288
282,290
282,292
282,293
282,295
282,299
282,302
282,304
282,308
282,309
282,310
282,311
282,312
282,314
282,315
282,316
282,317
282,318
282,320
282,321
282,322
282,323
282,325
282,326
282,327
282,328
282,329
282,330
282,331
282,332
282,333
282,334
282,335
282,336
282,337
283,276
283,286
283,288
283,289
283,290
283,296
283,298
283,299
283,301
283,302
283,303
283,306
283,308
283,310
283,311
283,312
283,313
283,314
283,316
283,317
283,321
283,322
283,325
283,326
283,327
283,328
283,329
283,331
283,332
283,333
283,334
283,335
283,336
283,337
284,267
284,269
284,271
284,274
284,283
284,287
284,297
284,299
284,303
284,305
284,307
284,309
284,311
284,312
284,314
284,315
284,316
284,318
284,319
284,320
284,321
284,323
284,324
284,325
284,326
284,329
284,330
284,331
284,332
284,333
284,334
284,335
284,336
284,337
285,270
285,271
285,276
285,279
285,284
285,290
285,293
285,296
285,297
285,300
285,301
285,303
285,305
285,307
285,308
285,309
285,310
285,311
285,312
285,313
285,316
285,318
285,319
285,321
285,322
285,323
285,326
285,327
285,328
285,329
285,330
285,331
285,332
285,333
285,334
285,335
285,336
285,337
285,338
285,339
286,267
286,273
286,277
286,279
286,280
286,281
286,285
286,288
286,289
286,295
286,297
286,299
286,300
286,307
286,308
286,310
286,312
286,315
286,317
286,318
286,321
286,322
286,324
286,325
286,326
286,328
286,329
286,330
286,331
286,333
286,334
286,335
286,336
286,338
286,339
286,340
287,263
287,280
287,283
287,288
287,290
287,291
287,295
287,298
287,299
287,302
287,303
287,305
287,308
287,312
287,313
287,315
287,316
287,319
287,320
287,321
287,322
287,324
287,326
287,328
287,329
287,331
287,332
287,336
288,262
288,263
288,271
288,275
288,278
288,289
288,290
288,295
288,296
288,299
288,300
288,304
288,306
288,308
288,309
288,312
288,313
288,314
288,317
288,318
288,319
288,320
288,321
288,324
288,334
288,335
288,340
288,341
289,269
289,276
289,281
289,283
289,286
289,288
289,290
289,299
289,302
289,304
289,306
289,307
289,315
289,321
289,330
289,337
289,339
290,269
290,274
290,276
290,283
290,285
290,287
290,290
290,292
290,295
290,298
290,300
290,302
290,303
290,308
290,313
290,315
290,320
290,325
290,327
290,330
291,265
291,270
291,272
291,273
291,279
291,282
291,283
291,286
291,287
291,292
291,293
291,296
291,297
291,300
291,302
291,306
291,307
291,312
291,317
291,322
291,324
291,334
292,264
292,275
292,276
292,279
292,281
292,283
292,285
292,295
292,296
292,298
292,302
292,304
292,309
292,312
292,314
292,315
292,318
292,319
292,325
292,326
292,328
292,333
293,264
293,265
293,274
293,278
293,281
293,288
293,290
293,292
293,295
293,298
293,299
293,305
293,307
293,308
293,310
293,311
293,312
293,313
293,317
293,319
293,320
293,321
293,322
293,324
293,330
294,266
294,269
294,276
294,278
294,282
294,286
294,287
294,290
294,293
294,295
294,296
294,298
294,301
294,303
294,305
294,307
294,309
294,311
294,313
294,315
294,318
294,322
294,326
294,329
294,333
294,334
294,338
295,262
295,266
295,267
295,284
295,292
295,293
295,301
295,303
295,308
295,311
295,313
295,316
295,317
295,321
295,328
295,331
295,332
295,333
295,334
295,335
295,336
295,337
295,338
296,262
296,266
296,271
296,273
296,274
296,276
296,279
296,280
296,283
296,285
296,286
296,287
296,289
296,290
296,292
296,295
296,300
296,303
296,304
296,306
296,307
296,308
296,310
296,311
296,321
296,322
296,323
296,327
296,328
296,329
296,330
296,331
296,332
296,333
296,334
296,335
296,336
296,337
296,338
297,265
297,267
297,272
297,274
297,275
297,277
297,278
297,279
297,283
297,289
297,291
297,292
297,294
297,295
297,296
297,297
297,298
297,303
297,304
297,307
297,308
297,309
297,310
297,313
297,314
297,317
297,318
297,319
297,320
297,321
297,322
297,323
297,325
297,326
297,327
297,328
297,331
297,333
297,334
297,335
297,337
297,338
298,258
298,259
298,260
298,261
298,262
298,263
298,264
298,267
298,268
298,269
298,270
298,272
298,273
298,274
298,286
298,291
298,293
298,295
298,299
298,301
298,302
298,305
298,306
298,308
298,309
298,312
298,313
298,314
298,315
298,316
298,322
298,324
298,325
298,326
298,327
298,329
298,330
298,331
298,332
298,334
298,335
298,339
299,259
299,260
299,261
299,262
299,263
299,266
299,268
299,269
299,271
299,272
299,273
299,275
299,278
299,284
299,291
299,292
299,294
299,296
299,297
299,299
299,300
299,301
299,302
299,304
299,305
299,306
299,307
299,312
299,317
299,318
299,320
299,321
299,323
299,324
299,325
299,326
299,327
299,330
299,331
299,332
299,346
300,265
300,267
300,271
300,275
300,276
300,280
300,287
300,288
300,290
300,291
300,293
300,296
300,298
300,300
300,303
300,306
300,309
300,312
300,313
300,318
300,320
300,321
300,323
300,324
300,326
300,330
300,331
300,335
300,337
300,341
300,343
301,266
301,267
301,269
301,271
301,275
301,281
301,282
301,286
301,289
301,292
301,294
301,295
301,297
301,298
301,300
301,304
301,305
301,306
301,310
301,314
301,315
301,318
301,324
301,325
301,326
301,328
301,338
301,340
302,261
302,267
302,269
302,272
302,273
302,276
302,278
302,280
302,287
302,288
302,289
302,291
302,292
302,293
302,295
302,296
302,299
302,301
302,302
302,303
302,308
302,312
302,317
302,319
302,321
302,322
302,324
303,260
303,267
303,272
303,274
303,276
303,278
303,280
303,282
303,284
303,285
303,288
303,289
303,290
303,291
303,292
303,293
303,296
303,297
303,299
303,301
303,303
303,305
303,311
303,312
303,317
303,318
303,320
303,321
303,323
303,324
303,326
303,333
304,264
304,273
304,274
304,275
304,278
304,279
304,283
304,286
304,287
304,295
304,297
304,298
304,299
304,302
304,307
304,308
304,309
304,310
304,312
304,314
304,315
304,316
304,317
304,318
304,321
304,323
304,325
304,335
304,337
304,338
304,339
304,340
305,254
305,255
305,256
305,263
305,266
305,271
305,272
305,273
305,274
305,275
305,278
305,279
305,281
305,284
305,285
305,286
305,290
305,293
305,296
305,297
305,301
305,307
305,308
305,312
305,315
305,316
305,318
305,319
305,321
305,325
305,328
305,332
305,334
305,335
305,336
305,339
305,340
305,342
305,343
306,254
306,255
306,256
306,257
306,258
306,259
306,265
306,268
306,271
306,275
306,279
306,282
306,283
306,284
306,285
306,286
306,287
306,290
306,291
306,292
306,297
306,298
306,300
306,302
306,303
306,305
306,306
306,311
306,312
306,313
306,314
306,319
306,323
306,324
306,325
306,327
306,333
306,334
306,336
306,338
306,340
306,342
307,250
307,251
307,252
307,254
307,255
307,256
307,257
307,258
307,259
307,260
307,263
307,264
307,266
307,267
307,268
307,269
307,270
307,274
307,275
307,276
307,277
307,278
307,279
307,281
307,282
307,283
307,284
307,287
307,288
307,292
307,296
307,298
307,302
307,306
307,310
307,311
307,314
307,315
307,321
307,327
307,333
307,339
307,350
308,250
308,251
308,254
308,255
308,256
308,257
308,258
308,259
308,260
308,262
308,263
308,264
308,265
308,266
308,267
308,268
308,269
308,270
308,271
308,272
308,274
308,275
308,276
308,277
308,278
308,279
308,281
308,282
308,283
308,284
308,285
308,286
308,287
308,290
308,291
308,293
308,294
308,298
308,299
308,300
308,302
308,303
308,304
308,307
308,308
308,312
308,313
308,315
308,324
308,325
308,326
308,328
308,348
308,349
308,350
308,351
309,251
309,252
309,253
309,254
309,255
309,256
309,257
309,258
309,259
309,261
309,262
309,263
309,264
309,265
309,267
309,268
309,270
309,272
309,273
309,274
309,275
309,277
309,278
309,280
309,281
309,282
309,283
309,284
309,285
309,288
309,289
309,291
309,294
309,295
309,296
309,297
309,299
309,300
309,303
309,306
309,307
309,308
309,314
309,316
309,318
309,320
309,324
309,338
309,343
309,344
309,345
309,346
309,347
309,348
310,252
310,253
310,255
310,256
310,257
310,258
310,259
310,260
310,261
310,262
310,263
310,264
310,266
310,269
310,270
310,271
310,273
310,275
310,277
310,281
310,282
310,283
310,284
310,286
310,287
310,288
310,289
310,291
310,296
310,300
310,302
310,304
310,308
310,311
310,319
310,320
310,325
310,326
310,327
310,331
310,335
310,338
310,339
310,340
310,341
310,343
310,344
310,345
310,346
310,347
310,348
310,350
310,351
311,253
311,255
311,256
311,257
311,258
311,259
311,260
311,263
311,266
311,267
311,268
311,272
311,273
311,275
311,276
311,278
311,279
311,280
311,281
311,282
311,283
311,284
311,285
311,287
311,288
311,294
311,295
311,296
311,298
311,299
311,301
311,302
311,303
311,304
311,306
311,308
311,309
311,310
311,311
311,312
311,318
311,320
311,323
311,325
311,328
311,336
311,337
311,338
311,339
311,340
311,341
311,342
311,343
311,344
311,345
311,346
311,347
311,348
311,349
311,350
311,351
312,251
312,252
312,253
312,254
312,255
312,256
312,257
312,258
312,259
312,260
312,261
312,264
312,276
312,277
312,278
312,279
312,283
312,286
312,289
312,290
312,293
312,295
312,296
312,299
312,300
312,301
312,307
312,308
312,309
312,310
312,311
312,322
312,327
312,328
312,329
312,334
312,335
312,337
312,341
312,342
312,343
312,344
312,345
312,346
312,347
312,348
312,349
312,350
313,253
313,254
313,255
313,256
313,257
313,258
313,259
313,260
313,261
313,264
313,267
313,268
313,275
313,278
313,280
313,281
313,283
313,286
313,289
313,290
313,291
313,294
313,298
313,299
313,300
313,307
313,311
313,315
313,320
313,327
313,332
313,333
313,334
313,335
313,336
313,337
313,338
313,339
313,340
313,341
313,343
313,344
313,345
313,346
313,347
313,348
314,254
314,255
314,256
314,257
314,258
314,262
314,263
314,264
314,269
314,275
314,276
314,277
314,280
314,281
314,283
314,287
314,288
314,289
314,290
314,291
314,292
314,293
314,299
314,300
314,305
314,306
314,307
314,313
314,314
314,315
314,316
314,318
314,324
314,325
314,326
314,327
314,328
314,332
314,333
314,335
314,336
314,338
314,339
314,340
314,342
314,343
314,344
314,345
314,346
314,347
315,255
315,256
315,257
315,258
315,259
315,266
315,269
315,274
315,277
315,279
315,282
315,283
315,291
315,292
315,297
315,299
315,303
315,305
315,308
315,310
315,311
315,312
315,314
315,317
315,322
315,324
315,328
315,329
315,330
315,331
315,332
315,333
315,334
315,335
315,338
315,339
315,340
315,341
315,342
315,343
315,344
315,346
316,257
316,258
316,264
316,269
316,277
316,279
316,280
316,281
316,286
316,290
316,292
316,293
316,297
316,298
316,299
316,303
316,304
316,306
316,312
316,316
316,317
316,320
316,324
316,325
316,326
316,327
316,328
316,329
316,330
316,331
316,334
316,335
316,336
316,337
316,338
316,339
316,341
316,342
316,343
316,344
316,345
316,346
316,347
316,348
316,349
317,260
317,262
317,270
317,275
317,276
317,281
317,285
317,286
317,291
317,292
317,293
317,294
317,296
317,298
317,299
317,300
317,301
317,305
317,307
317,309
317,310
317,317
317,322
317,324
317,326
317,327
317,330
317,332
317,333
317,334
317,335
317,336
317,337
317,338
317,340
317,341
317,343
317,344
317,345
317,346
317,347
317,348
318,259
318,263
318,271
318,276
318,277
318,285
318,289
318,291
318,293
318,297
318,299
318,300
318,301
318,304
318,307
318,308
318,309
318,310
318,315
318,319
318,325
318,326
318,327
318,328
318,330
318,331
318,332
318,333
318,334
318,335
318,337
318,339
318,340
318,341
318,342
318,343
318,344
318,345
318,346
318,347
318,348
319,262
319,263
319,274
319,278
319,288
319,289
319,298
319,300
319,301
319,302
319,303
319,305
319,307
319,308
319,317
319,323
319,325
319,326
319,327
319,328
319,330
319,331
319,332
319,334
319,335
319,336
319,337
319,338
319,339
319,340
319,341
319,342
319,343
319,344
319,347
320,261
320,262
320,263
320,264
320,269
320,272
320,275
320,276
320,277
320,279
320,286
320,287
320,289
320,291
320,293
320,295
320,297
320,299
320,300
320,301
320,303
320,304
320,305
320,309
320,311
320,312
320,313
320,316
320,318
320,321
320,325
320,326
320,327
320,328
320,329
320,330
320,331
320,332
320,333
320,334
320,335
320,337
320,338
320,339
320,340
320,341
320,342
320,343
321,261
321,262
321,263
321,264
321,266
321,274
321,278
321,279
321,280
321,283
321,284
321,286
321,287
321,288
321,295
321,298
321,299
321,300
321,301
321,302
321,304
321,305
321,306
321,307
321,309
321,310
321,311
321,323
321,326
321,327
321,328
321,329
321,330
321,331
321,332
321,333
321,334
321,335
321,336
321,337
321,338
321,339
321,340
321,341
321,342
321,343
322,263
322,264
322,265
322,270
322,272
322,275
322,277
322,279
322,280
322,283
322,287
322,290
322,291
322,292
322,296
322,297
322,299
322,300
322,301
322,302
322,304
322,305
322,306
322,307
322,309
322,310
322,311
322,317
322,319
322,326
322,327
322,328
322,329
322,331
322,332
322,333
322,334
322,335
322,336
322,337
322,338
322,339
322,340
322,341
322,342
322,343
323,264
323,270
323,279
323,286
323,287
323,290
323,296
323,297
323,298
323,299
323,300
323,302
323,303
323,304
323,305
323,306
323,309
323,310
323,314
323,316
323,326
323,328
323,329
323,330
323,331
323,332
323,333
323,334
323,335
323,336
323,338
323,339
323,341
323,343
324,269
324,286
324,287
324,291
324,293
324,295
324,296
324,297
324,298
324,299
324,301
324,302
324,303
324,304
324,306
324,307
324,308
324,310
324,312
324,315
324,320
324,325
324,329
324,330
324,331
324,332
324,334
324,335
324,336
324,337
324,338
324,339
324,340
324,341
324,342
324,343
324,344
324,345
325,278
325,280
325,293
325,294
325,295
325,296
325,297
325,298
325,299
325,300
325,301
325,302
325,303
325,304
325,305
325,306
325,307
325,308
325,309
325,310
325,311
325,312
325,314
325,320
325,327
325,328
325,329
325,330
325,331
325,332
325,333
325,334
325,335
325,336
325,337
325,338
325,339
325,340
325,341
325,342
325,343
326,267
326,268
326,269
326,273
326,274
326,277
326,286
326,294
326,295
326,296
326,297
326,298
326,299
326,300
326,301
326,302
326,303
326,304
326,305
326,306
326,307
326,308
326,309
326,310
326,311
326,312
326,313
326,315
326,316
326,317
326,320
326,326
326,327
326,328
326,329
326,330
326,331
326,333
326,334
326,335
326,336
326,337
326,338
326,339
326,340
327,274
327,275
327,276
327,278
327,287
327,295
327,296
327,297
327,298
327,299
327,300
327,301
327,302
327,303
327,305
327,306
327,307
327,309
327,310
327,311
327,312
327,313
327,314
327,315
327,316
327,320
327,326
327,327
327,328
327,329
327,330
327,331
327,332
327,333
327,334
327,335
328,276
328,277
328,295
328,296
328,297
328,298
328,299
328,300
328,301
328,302
328,305
328,306
328,307
328,308
328,312
328,313
328,314
328,315
328,316
328,317
328,318
328,319
328,320
328,326
328,328
328,329
328,330
328,331
329,277
329,292
329,296
329,297
329,298
329,299
329,300
329,305
329,306
329,307
329,309
329,310
329,311
329,312
329,313
329,314
329,315
329,316
329,317
329,318
329,319
329,320
329,327
329,328
330,278
330,282
330,296
330,297
330,300
330,304
330,305
330,306
330,307
330,308
330,309
330,310
330,311
330,312
330,313
330,314
330,315
330,316
330,317
330,318
330,319
330,320
330,321
331,304
331,305
331,306
331,307
331,308
331,310
331,312
331,313
331,314
331,315
331,316
331,317
331,318
331,319
331,320
332,303
332,304
332,305
332,307
332,308
332,309
332,310
332,311
332,312
332,313
332,314
332,315
332,316
332,317
332,318
332,319
332,320
332,321
332,322
332,323
333,304
333,305
333,307
333,308
333,310
333,311
333,312
333,313
333,314
333,315
333,316
333,317
333,319
333,320
333,321
333,322
334,311
334,312
334,313
334,314
334,315
334,316
334,317
334,318
334,319
334,320
334,321
335,312
335,314
335,315
335,316
335,317
335,318
336,313
336,315
