258,295
258,296
258,297
258,298
258,299
259,294
259,295
259,296
259,297
259,298
259,299
260,295
260,296
260,297
260,298
261,294
261,296
261,298
261,299
261,300
262,296
262,297
262,299
262,300
262,308
263,296
263,299
263,300
264,297
264,300
264,311
264,312
264,317
265,284
265,289
265,294
265,299
265,300
265,302
265,312
266,295
266,298
266,301
266,308
266,312
266,313
266,317
266,318
266,320
267,290
267,295
267,297
267,298
267,299
267,305
267,317
267,318
267,319
267,320
267,321
267,322
267,323
268,282
268,283
268,284
268,285
268,286
268,287
268,289
268,293
268,294
268,295
268,298
268,300
268,302
268,305
268,308
268,314
268,317
268,318
268,319
268,320
268,321
268,322
268,323
268,324
268,325
268,326
268,327
268,328
269,282
269,283
269,285
269,287
269,296
269,302
269,308
269,312
269,317
269,318
269,319
269,320
269,321
269,322
269,323
269,325
269,326
269,327
269,328
269,329
269,330
270,280
270,283
270,284
270,285
270,286
270,287
270,292
270,293
270,294
270,296
270,299
270,300
270,303
270,316
270,317
270,318
270,319
270,320
270,321
270,322
270,323
270,324
270,325
270,326
270,327
270,328
270,329
271,277
271,282
271,285
271,286
271,287
271,288
271,290
271,292
271,297
271,301
271,302
271,306
271,309
271,316
271,317
271,318
271,319
271,320
271,321
271,322
271,323
271,324
271,326
271,327
271,328
271,329
271,330
272,287
272,288
272,289
272,290
272,293
272,294
272,295
272,299
272,301
272,304
272,307
272,309
272,315
272,316
272,317
272,318
272,319
272,320
272,321
272,322
272,323
272,324
272,325
272,326
272,327
272,328
272,329
273,267
273,269
273,288
273,294
273,299
273,302
273,307
273,310
273,315
273,316
273,317
273,318
273,319
273,320
273,321
273,322
273,323
273,324
273,325
273,326
273,327
273,328
274,275
274,278
274,284
274,285
274,286
274,287
274,290
274,292
274,294
274,296
274,298
274,299
274,301
274,315
274,316
274,317
274,318
274,319
274,320
274,321
274,322
274,323
274,324
274,325
274,326
274,327
274,328
274,329
274,330
274,331
275,278
275,282
275,286
275,290
275,292
275,295
275,299
275,300
275,301
275,305
275,313
275,314
275,315
275,316
275,317
275,318
275,319
275,320
275,321
275,322
275,323
275,324
275,325
275,326
275,327
275,328
275,329
275,331
276,274
276,280
276,281
276,282
276,284
276,286
276,288
276,290
276,294
276,297
276,311
276,313
276,314
276,315
276,316
276,318
276,320
276,321
276,322
276,323
276,324
276,326
276,327
276,328
276,329
276,330
276,331
276,334
277,274
277,276
277,278
277,279
277,282
277,283
277,284
277,291
277,292
277,293
277,295
277,301
277,306
277,310
277,313
277,314
277,315
277,316
277,317
277,318
277,319
277,320
277,322
277,323
277,324
277,325
277,326
277,327
277,328
277,329
277,330
278,284
278,287
278,290
278,294
278,296
278,298
278,304
278,309
278,312
278,313
278,315
278,316
278,318
278,319
278,321
278,322
278,323
278,325
278,326
278,328
278,329
278,330
278,331
279,265
279,281
279,286
279,288
279,294
279,297
279,304
279,305
279,306
279,309
279,310
279,313
279,314
279,315
279,316
279,319
279,320
279,321
279,322
279,324
279,325
279,326
279,327
279,328
279,329
279,330
279,334
279,335
279,336
279,337
279,338
279,339
280,272
280,274
280,278
280,279
280,281
280,290
280,292
280,294
280,295
280,297
280,299
280,301
280,303
280,304
280,306
280,308
280,310
280,312
280,313
280,315
280,316
280,317
280,318
280,319
280,320
280,322
280,323
280,325
280,326
280,327
280,329
280,330
280,332
280,333
280,334
280,335
280,336
280,337
280,338
280,339
280,340
281,264
281,274
281,275
281,279
281,280
281,292
281,294
281,295
281,301
281,302
281,303
281,305
281,306
281,310
281,311
281,315
281,316
281,317
281,318
281,319
281,320
281,321
281,322
281,323
281,324
281,325
281,327
281,329
281,330
281,331
281,332
281,333
281,334
281,335
281,336
281,337
281,338
281,339
281,340
282,260
282,262
282,266
282,269
282,271
282,273
282,275
282,286
282,288
282,290
282,292
282,293
282,295
282,299
282,301
282,302
282,304
282,308
282,309
282,310
282,311
282,312
282,315
282,316
282,317
282,320
282,321
282,322
282,323
282,326
282,327
282,328
282,329
282,330
282,331
282,332
282,334
282,335
282,336
282,337
282,338
282,339
282,340
282,342
283,261
283,273
283,276
283,286
283,289
283,290
283,296
283,298
283,299
283,301
283,302
283,303
283,306
283,308
283,310
283,311
283,312
283,313
283,314
283,316
283,317
283,321
283,322
283,325
283,326
283,327
283,328
283,329
283,331
283,332
283,333
283,334
283,335
283,336
283,337
283,338
283,339
283,340
283,341
283,342
284,267
284,269
284,271
284,274
284,283
284,286
284,287
284,291
284,293
284,297
284,299
284,300
284,303
284,305
284,307
284,309
284,311
284,315
284,318
284,319
284,320
284,321
284,322
284,323
284,324
284,325
284,326
284,327
284,329
284,330
284,331
284,332
284,333
284,335
284,336
284,337
284,338
284,339
284,340
284,341
284,342
284,343
284,344
284,345
285,267
285,269
285,270
285,271
285,275
285,276
285,278
285,279
285,284
285,290
285,293
285,294
285,296
285,297
285,300
285,301
285,303
285,307
285,308
285,309
285,311
285,312
285,313
285,316
285,318
285,319
285,321
285,322
285,323
285,324
285,326
285,328
285,329
285,330
285,333
285,334
285,335
285,336
285,337
285,338
285,339
285,340
285,341
285,342
285,343
285,344
285,345
286,260
286,261
286,267
286,273
286,277
286,278
286,279
286,280
286,281
286,283
286,285
286,287
286,288
286,289
286,295
286,297
286,298
286,299
286,300
286,307
286,308
286,310
286,312
286,315
286,317
286,318
286,321
286,322
286,324
286,325
286,326
286,329
286,330
286,331
286,333
286,334
286,335
286,336
286,339
286,340
286,341
286,342
286,343
286,344
286,345
286,346
286,347
286,348
287,262
287,269
287,280
287,283
287,288
287,290
287,291
287,295
287,298
287,299
287,302
287,303
287,304
287,305
287,309
287,312
287,313
287,314
287,315
287,316
287,319
287,320
287,321
287,322
287,324
287,326
287,328
287,329
287,331
287,332
287,336
287,340
287,341
287,342
287,343
287,344
287,345
287,346
287,347
287,348
287,349
288,262
288,275
288,278
288,281
288,289
288,290
288,295
288,296
288,299
288,300
288,304
288,306
288,308
288,309
288,312
288,314
288,317
288,318
288,319
288,320
288,321
288,324
288,333
288,334
288,335
288,341
288,342
288,343
288,344
288,345
288,346
288,348
289,267
289,268
289,276
289,281
289,283
289,284
289,286
289,288
289,290
289,299
289,302
289,304
289,306
289,307
289,308
289,311
289,315
289,316
289,321
289,324
289,326
289,327
289,329
289,337
289,339
289,345
289,346
290,269
290,274
290,276
290,283
290,287
290,290
290,292
290,293
290,295
290,297
290,298
290,300
290,302
290,303
290,308
290,313
290,315
290,320
290,325
290,329
290,330
290,335
291,265
291,270
291,272
291,273
291,279
291,282
291,283
291,286
291,287
291,292
291,293
291,296
291,297
291,298
291,300
291,302
291,306
291,307
291,308
291,312
291,314
291,317
291,322
291,323
291,324
291,328
291,334
292,262
292,264
292,275
292,276
292,279
292,281
292,282
292,283
292,285
292,292
292,295
292,296
292,298
292,302
292,304
292,306
292,309
292,312
292,314
292,315
292,318
292,319
292,325
292,326
292,328
292,331
292,333
292,336
292,338
293,264
293,265
293,274
293,278
293,279
293,281
293,282
293,288
293,290
293,292
293,294
293,295
293,298
293,301
293,304
293,305
293,306
293,307
293,308
293,310
293,311
293,312
293,313
293,317
293,319
293,320
293,321
293,324
293,330
293,333
294,265
294,266
294,269
294,271
294,272
294,275
294,276
294,278
294,282
294,287
294,293
294,295
294,296
294,298
294,301
294,303
294,305
294,307
294,309
294,311
294,315
294,318
294,322
294,326
294,329
294,332
294,333
294,334
294,338
294,343
295,262
295,266
295,267
295,284
295,290
295,292
295,293
295,301
295,303
295,308
295,311
295,313
295,316
295,317
295,321
295,328
295,331
295,333
295,334
295,335
295,336
295,337
295,338
295,339
295,348
296,256
296,259
296,262
296,264
296,265
296,266
296,268
296,271
296,274
296,276
296,278
296,279
296,280
296,283
296,285
296,286
296,287
296,290
296,291
296,295
296,300
296,301
296,304
296,307
296,308
296,311
296,314
296,321
296,322
296,323
296,327
296,328
296,329
296,330
296,331
296,332
296,333
296,334
296,338
296,347
296,348
296,349
296,350
297,256
297,261
297,262
297,265
297,267
297,272
297,274
297,275
297,277
297,278
297,279
297,283
297,285
297,288
297,289
297,291
297,292
297,295
297,297
297,298
297,303
297,304
297,307
297,309
297,310
297,311
297,313
297,314
297,317
297,318
297,319
297,320
297,321
297,322
297,323
297,326
297,327
297,328
297,331
297,332
297,333
297,334
297,335
297,337
297,338
297,342
297,344
297,346
297,347
298,257
298,258
298,259
298,260
298,261
298,262
298,263
298,264
298,267
298,268
298,269
298,270
298,272
298,273
298,274
298,279
298,284
298,286
298,291
298,293
298,295
298,297
298,299
298,301
298,302
298,303
298,305
298,306
298,307
298,308
298,312
298,313
298,314
298,316
298,322
298,323
298,324
298,327
298,329
298,330
298,331
298,332
298,334
298,335
298,337
298,339
298,346
298,347
299,253
299,254
299,255
299,256
299,257
299,258
299,259
299,260
299,261
299,262
299,263
299,266
299,268
299,271
299,272
299,275
299,278
299,282
299,288
299,291
299,292
299,294
299,296
299,297
299,298
299,299
299,300
299,301
299,302
299,304
299,305
299,306
299,307
299,311
299,317
299,318
299,320
299,321
299,323
299,324
299,325
299,326
299,327
299,330
299,331
299,332
299,333
299,346
300,251
300,252
300,253
300,254
300,255
300,256
300,257
300,258
300,259
300,265
300,267
300,271
300,273
300,275
300,276
300,279
300,280
300,284
300,288
300,290
300,291
300,293
300,296
300,298
300,299
300,300
300,303
300,306
300,309
300,312
300,313
300,318
300,320
300,321
300,323
300,324
300,326
300,330
300,331
300,333
300,335
300,337
300,341
300,343
301,255
301,259
301,264
301,267
301,269
301,271
301,275
301,276
301,282
301,285
301,286
301,289
301,290
301,292
301,293
301,294
301,295
301,298
301,300
301,304
301,305
301,306
301,307
301,310
301,314
301,315
301,318
301,324
301,325
301,326
301,328
301,331
301,333
301,338
301,340
301,348
302,256
302,259
302,267
302,269
302,270
302,272
302,273
302,276
302,280
302,284
302,287
302,288
302,289
302,291
302,292
302,293
302,295
302,296
302,299
302,301
302,302
302,303
302,312
302,317
302,319
302,321
302,322
302,324
302,330
303,260
303,267
303,272
303,274
303,276
303,278
303,280
303,284
303,285
303,286
303,288
303,290
303,291
303,292
303,293
303,296
303,297
303,301
303,303
303,305
303,309
303,311
303,312
303,316
303,318
303,320
303,321
303,323
303,324
303,326
303,327
303,332
303,333
303,339
303,342
304,250
304,256
304,260
304,264
304,265
304,269
304,274
304,275
304,278
304,279
304,282
304,283
304,286
304,287
304,295
304,297
304,298
304,299
304,301
304,302
304,307
304,308
304,310
304,312
304,314
304,315
304,316
304,317
304,320
304,321
304,322
304,323
304,325
304,334
304,335
304,337
304,338
304,339
304,340
304,343
304,349
304,350
304,351
305,251
305,253
305,254
305,255
305,256
305,260
305,261
305,263
305,266
305,271
305,272
305,273
305,274
305,275
305,279
305,284
305,286
305,290
305,291
305,293
305,296
305,297
305,299
305,301
305,307
305,312
305,316
305,318
305,319
305,321
305,325
305,327
305,328
305,329
305,332
305,333
305,334
305,335
305,336
305,337
305,339
305,340
305,342
305,345
305,349
305,350
305,351
305,352
306,247
306,248
306,249
306,252
306,253
306,255
306,257
306,258
306,259
306,260
306,265
306,268
306,271
306,275
306,279
306,282
306,283
306,284
306,285
306,286
306,287
306,290
306,291
306,292
306,298
306,300
306,302
306,303
306,305
306,306
306,311
306,312
306,313
306,315
306,319
306,321
306,323
306,324
306,325
306,327
306,331
306,333
306,334
306,336
306,338
306,340
306,341
306,342
306,343
306,348
306,349
306,350
306,351
306,353
307,245
307,246
307,247
307,248
307,249
307,250
307,251
307,252
307,254
307,255
307,256
307,258
307,259
307,260
307,263
307,264
307,267
307,268
307,269
307,270
307,274
307,276
307,279
307,281
307,282
307,283
307,284
307,287
307,288
307,292
307,296
307,298
307,302
307,306
307,310
307,311
307,314
307,315
307,320
307,327
307,333
307,337
307,348
307,349
307,350
307,351
307,352
307,353
307,354
307,355
308,248
308,249
308,250
308,251
308,254
308,255
308,256
308,257
308,258
308,260
308,262
308,263
308,264
308,265
308,266
308,267
308,268
308,269
308,270
308,271
308,272
308,273
308,274
308,275
308,276
308,278
308,279
308,281
308,282
308,283
308,285
308,286
308,290
308,291
308,292
308,293
308,294
308,298
308,299
308,302
308,303
308,304
308,307
308,308
308,310
308,312
308,313
308,315
308,316
308,324
308,325
308,328
308,334
308,338
308,340
308,348
308,349
308,350
308,351
308,352
308,353
308,354
309,247
309,249
309,250
309,251
309,252
309,253
309,254
309,255
309,256
309,257
309,258
309,259
309,261
309,262
309,263
309,264
309,265
309,267
309,268
309,269
309,272
309,273
309,274
309,275
309,277
309,280
309,281
309,282
309,283
309,284
309,285
309,288
309,289
309,291
309,293
309,294
309,295
309,296
309,297
309,299
309,300
309,303
309,306
309,307
309,308
309,314
309,316
309,318
309,320
309,324
309,335
309,338
309,343
309,344
309,345
309,347
309,348
309,351
309,352
309,353
310,249
310,250
310,251
310,252
310,253
310,255
310,257
310,259
310,260
310,261
310,262
310,264
310,269
310,270
310,271
310,273
310,275
310,277
310,281
310,282
310,283
310,284
310,286
310,287
310,288
310,289
310,290
310,291
310,296
310,299
310,300
310,302
310,304
310,308
310,309
310,311
310,319
310,320
310,325
310,326
310,327
310,331
310,335
310,338
310,339
310,340
310,341
310,343
310,344
310,346
310,347
310,348
310,350
310,351
310,352
310,353
310,354
310,355
311,249
311,251
311,252
311,253
311,256
311,257
311,258
311,259
311,260
311,263
311,266
311,267
311,268
311,272
311,273
311,275
311,276
311,278
311,279
311,281
311,282
311,283
311,284
311,285
311,286
311,287
311,288
311,294
311,295
311,296
311,298
311,299
311,301
311,302
311,303
311,304
311,306
311,308
311,309
311,310
311,312
311,318
311,323
311,324
311,325
311,328
311,336
311,337
311,338
311,339
311,340
311,341
311,342
311,344
311,345
311,346
311,348
311,350
311,352
311,354
311,355
312,250
312,251
312,252
312,253
312,254
312,255
312,258
312,259
312,260
312,261
312,263
312,264
312,266
312,268
312,275
312,276
312,277
312,278
312,279
312,283
312,286
312,289
312,290
312,293
312,295
312,296
312,298
312,299
312,300
312,301
312,307
312,308
312,309
312,310
312,311
312,320
312,322
312,327
312,328
312,329
312,334
312,335
312,341
312,342
312,343
312,344
312,345
312,348
312,349
312,351
312,352
312,353
312,355
313,248
313,249
313,250
313,251
313,252
313,253
313,254
313,255
313,256
313,257
313,258
313,259
313,260
313,261
313,264
313,267
313,268
313,275
313,278
313,280
313,281
313,283
313,285
313,286
313,290
313,291
313,294
313,298
313,299
313,300
313,303
313,307
313,311
313,315
313,320
313,327
313,330
313,332
313,333
313,334
313,335
313,336
313,337
313,338
313,339
313,340
313,341
313,343
313,345
313,346
313,347
313,348
313,349
313,350
313,351
313,352
313,353
313,354
313,355
313,357
314,249
314,250
314,251
314,253
314,254
314,255
314,256
314,257
314,258
314,262
314,263
314,264
314,265
314,269
314,275
314,276
314,277
314,280
314,281
314,283
314,288
314,289
314,290
314,291
314,292
314,293
314,294
314,298
314,299
314,300
314,305
314,307
314,313
314,314
314,315
314,316
314,318
314,319
314,324
314,325
314,326
314,327
314,328
314,332
314,333
314,336
314,338
314,339
314,342
314,343
314,344
314,345
314,346
314,348
314,349
314,350
314,351
314,352
314,353
314,355
314,356
315,249
315,250
315,252
315,253
315,254
315,255
315,256
315,258
315,259
315,260
315,263
315,266
315,269
315,274
315,277
315,279
315,282
315,283
315,285
315,291
315,292
315,294
315,295
315,299
315,303
315,305
315,308
315,310
315,311
315,312
315,314
315,316
315,317
315,323
315,324
315,328
315,329
315,330
315,331
315,333
315,334
315,339
315,340
315,342
315,343
315,344
315,346
315,347
315,348
315,349
315,350
315,351
315,352
316,250
316,251
316,252
316,257
316,258
316,260
316,264
316,266
316,269
316,277
316,279
316,280
316,281
316,283
316,285
316,286
316,290
316,292
316,295
316,297
316,298
316,299
316,303
316,304
316,306
316,311
316,316
316,317
316,320
316,324
316,325
316,326
316,328
316,329
316,330
316,331
316,334
316,335
316,336
316,337
316,338
316,339
316,341
316,342
316,343
316,345
316,346
316,348
316,349
316,350
316,352
316,353
317,253
317,254
317,260
317,262
317,263
317,269
317,270
317,275
317,276
317,281
317,285
317,286
317,291
317,292
317,293
317,294
317,296
317,298
317,299
317,301
317,305
317,307
317,310
317,317
317,321
317,322
317,324
317,326
317,327
317,330
317,332
317,333
317,334
317,335
317,336
317,337
317,338
317,340
317,341
317,343
317,344
317,346
317,347
317,348
317,349
317,351
317,352
318,259
318,260
318,263
318,267
318,271
318,276
318,277
318,285
318,289
318,291
318,293
318,294
318,297
318,299
318,300
318,301
318,304
318,307
318,309
318,310
318,315
318,319
318,326
318,327
318,328
318,332
318,333
318,334
318,335
318,337
318,339
318,340
318,341
318,343
318,344
318,345
318,346
318,347
318,349
318,350
318,351
318,352
318,353
319,258
319,260
319,263
319,271
319,272
319,274
319,283
319,286
319,288
319,289
319,295
319,298
319,300
319,302
319,303
319,305
319,307
319,308
319,317
319,323
319,325
319,326
319,327
319,328
319,330
319,332
319,333
319,334
319,335
319,336
319,337
319,338
319,339
319,340
319,341
319,342
319,343
319,344
319,345
319,347
319,348
319,349
319,350
320,261
320,262
320,263
320,264
320,269
320,270
320,272
320,275
320,276
320,277
320,283
320,285
320,287
320,289
320,290
320,291
320,293
320,295
320,297
320,299
320,300
320,303
320,305
320,309
320,311
320,312
320,313
320,316
320,318
320,321
320,325
320,327
320,328
320,329
320,330
320,331
320,332
320,334
320,335
320,337
320,338
320,339
320,341
320,343
320,344
320,345
320,346
320,347
320,348
320,349
321,259
321,261
321,262
321,263
321,264
321,266
321,278
321,279
321,280
321,283
321,284
321,286
321,287
321,288
321,295
321,298
321,299
321,300
321,301
321,302
321,303
321,304
321,305
321,306
321,307
321,309
321,310
321,311
321,323
321,325
321,326
321,327
321,330
321,331
321,332
321,333
321,335
321,337
321,338
321,340
321,341
321,342
321,343
321,344
321,345
321,346
321,348
322,261
322,262
322,263
322,264
322,269
322,270
322,272
322,275
322,277
322,279
322,280
322,283
322,287
322,291
322,292
322,294
322,296
322,297
322,299
322,300
322,302
322,304
322,306
322,307
322,309
322,310
322,317
322,319
322,323
322,325
322,326
322,327
322,328
322,329
322,330
322,332
322,333
322,334
322,335
322,336
322,337
322,338
322,339
322,340
322,341
322,342
322,343
322,344
322,345
323,260
323,261
323,262
323,263
323,264
323,270
323,276
323,279
323,284
323,286
323,287
323,290
323,296
323,297
323,298
323,299
323,300
323,303
323,305
323,309
323,310
323,314
323,316
323,328
323,329
323,330
323,331
323,332
323,333
323,335
323,336
323,338
323,341
323,342
323,343
323,344
323,345
323,346
323,347
323,348
324,260
324,261
324,267
324,286
324,287
324,291
324,295
324,296
324,297
324,298
324,299
324,301
324,302
324,303
324,304
324,306
324,307
324,308
324,310
324,311
324,312
324,315
324,320
324,325
324,329
324,330
324,331
324,332
324,334
324,335
324,337
324,338
324,339
324,340
324,341
324,342
324,344
324,345
324,346
324,347
325,260
325,262
325,272
325,274
325,278
325,280
325,283
325,285
325,286
325,289
325,294
325,295
325,296
325,297
325,298
325,300
325,301
325,302
325,303
325,304
325,305
325,306
325,307
325,309
325,310
325,311
325,312
325,314
325,318
325,320
325,321
325,324
325,327
325,328
325,329
325,330
325,331
325,332
325,333
325,334
325,335
325,336
325,337
325,338
325,339
325,340
325,341
325,342
325,343
325,344
325,346
325,347
326,266
326,267
326,268
326,269
326,273
326,274
326,277
326,282
326,286
326,294
326,295
326,297
326,298
326,299
326,300
326,302
326,303
326,304
326,305
326,306
326,307
326,308
326,309
326,310
326,311
326,312
326,313
326,315
326,316
326,317
326,320
326,326
326,327
326,328
326,329
326,330
326,331
326,333
326,334
326,335
326,336
326,337
326,338
326,339
326,340
326,341
326,342
326,343
326,344
326,345
326,346
326,347
327,274
327,275
327,278
327,279
327,287
327,295
327,296
327,297
327,298
327,299
327,300
327,301
327,302
327,305
327,306
327,307
327,309
327,310
327,311
327,312
327,313
327,314
327,315
327,316
327,318
327,320
327,323
327,326
327,327
327,328
327,329
327,330
327,331
327,332
327,333
327,334
327,335
327,336
327,337
327,338
327,339
327,340
327,341
327,342
327,343
327,344
327,345
327,346
328,266
328,270
328,271
328,277
328,282
328,295
328,296
328,297
328,298
328,299
328,300
328,305
328,306
328,308
328,309
328,312
328,313
328,314
328,315
328,316
328,317
328,318
328,319
328,320
328,323
328,326
328,328
328,329
328,330
328,331
328,332
328,333
328,334
328,335
328,336
328,337
328,339
328,340
328,341
328,342
328,343
328,344
328,345
329,277
329,284
329,291
329,292
329,296
329,297
329,299
329,300
329,305
329,306
329,307
329,308
329,309
329,310
329,311
329,312
329,313
329,314
329,315
329,316
329,317
329,318
329,319
329,320
329,321
329,323
329,325
329,327
329,328
329,329
329,330
329,332
329,333
329,334
329,335
329,336
329,337
329,338
329,339
329,340
329,341
329,342
329,343
330,275
330,278
330,279
330,282
330,296
330,297
330,298
330,299
330,300
330,302
330,304
330,305
330,306
330,307
330,308
330,309
330,310
330,311
330,313
330,314
330,315
330,317
330,318
330,319
330,320
330,327
330,328
330,329
330,330
330,331
330,332
330,333
330,334
330,335
330,336
330,337
330,338
330,339
330,340
330,341
330,342
330,343
331,292
331,294
331,295
331,296
331,297
331,298
331,299
331,300
331,302
331,304
331,305
331,306
331,307
331,308
331,310
331,312
331,313
331,314
331,315
331,316
331,319
331,320
331,321
331,325
331,327
331,328
331,329
331,330
331,331
331,332
331,333
331,340
331,341
331,342
331,343
332,273
332,294
332,295
332,296
332,297
332,298
332,299
332,300
332,303
332,304
332,305
332,306
332,307
332,309
332,310
332,311
332,312
332,314
332,315
332,316
332,317
332,318
332,319
332,320
332,321
332,322
332,323
332,324
332,325
332,328
332,329
333,294
333,295
333,296
333,297
333,298
333,303
333,304
333,305
333,306
333,307
333,308
333,309
333,310
333,311
333,313
333,314
333,315
333,316
333,317
333,319
333,320
333,322
333,323
333,324
333,325
334,294
334,297
334,298
334,299
334,304
334,305
334,306
334,307
334,308
334,309
334,310
334,311
334,312
334,313
334,314
334,315
334,316
334,317
334,319
334,320
334,321
334,322
334,323
334,324
334,325
334,326
335,299
335,300
335,305
335,307
335,308
335,309
335,311
335,312
335,314
335,315
335,316
335,317
335,318
335,320
335,321
335,322
335,324
335,325
336,304
336,305
336,306
336,307
336,308
336,309
336,310
336,311
336,312
336,314
336,315
336,316
336,317
336,318
336,319
336,320
336,321
336,322
337,306
337,308
337,309
337,311
337,312
337,313
337,314
337,316
337,317
337,318
337,319
337,320
337,321
337,322
337,323
338,310
338,311
338,312
338,313
338,314
338,315
338,316
338,317
338,318
338,319
338,320
338,321
339,310
339,311
339,312
339,313
339,314
339,315
339,316
339,317
339,318
339,319
339,320
339,321
339,322
340,312
340,316
340,319
340,320
