212,307
212,308
213,303
213,305
213,306
213,307
213,308
214,291
214,298
214,299
214,300
214,301
214,303
214,304
214,305
214,306
214,307
214,309
214,313
214,314
214,315
214,316
214,317
215,284
215,289
215,290
215,291
215,292
215,293
215,296
215,297
215,298
215,299
215,300
215,302
215,303
215,304
215,305
215,306
215,307
215,308
215,309
215,310
215,311
215,312
215,313
215,314
215,315
215,316
215,317
215,319
215,328
215,329
215,330
216,283
216,284
216,285
216,286
216,287
216,288
216,289
216,291
216,292
216,293
216,294
216,298
216,299
216,300
216,301
216,302
216,303
216,304
216,306
216,307
216,308
216,311
216,312
216,313
216,314
216,315
216,316
216,317
216,318
216,319
216,320
216,321
216,323
216,326
216,327
216,329
216,330
216,331
217,282
217,283
217,284
217,285
217,286
217,287
217,288
217,289
217,290
217,291
217,292
217,293
217,296
217,298
217,299
217,300
217,301
217,302
217,303
217,304
217,305
217,306
217,307
217,308
217,311
217,312
217,313
217,314
217,315
217,317
217,318
217,319
217,320
217,321
217,322
217,323
217,324
217,325
217,326
217,327
217,328
217,329
217,330
217,331
218,276
218,277
218,279
218,280
218,283
218,284
218,286
218,287
218,288
218,289
218,290
218,291
218,292
218,293
218,296
218,297
218,298
218,299
218,300
218,301
218,302
218,303
218,305
218,306
218,307
218,308
218,309
218,310
218,311
218,312
218,314
218,315
218,316
218,317
218,318
218,319
218,320
218,321
218,322
218,323
218,324
218,325
218,326
218,327
218,328
218,329
218,330
218,331
218,332
219,272
219,273
219,274
219,275
219,276
219,277
219,278
219,279
219,280
219,281
219,283
219,284
219,286
219,287
219,288
219,290
219,291
219,292
219,293
219,296
219,297
219,298
219,299
219,300
219,302
219,304
219,305
219,306
219,307
219,308
219,310
219,312
219,313
219,314
219,315
219,316
219,317
219,318
219,319
219,320
219,321
219,322
219,323
219,325
219,326
219,327
219,328
219,329
219,331
219,332
220,271
220,272
220,273
220,274
220,275
220,276
220,277
220,278
220,279
220,280
220,281
220,282
220,283
220,284
220,285
220,286
220,287
220,288
220,289
220,292
220,293
220,294
220,295
220,296
220,297
220,298
220,299
220,300
220,302
220,303
220,304
220,305
220,306
220,307
220,308
220,309
220,311
220,312
220,314
220,315
220,316
220,318
220,319
220,320
220,321
220,322
220,323
220,325
220,326
220,327
220,328
220,343
220,344
220,355
220,356
221,271
221,272
221,273
221,274
221,275
221,276
221,277
221,278
221,279
221,281
221,282
221,283
221,284
221,285
221,286
221,287
221,288
221,289
221,290
221,291
221,292
221,293
221,294
221,296
221,297
221,299
221,300
221,302
221,303
221,304
221,305
221,306
221,307
221,309
221,310
221,312
221,313
221,314
221,315
221,316
221,317
221,318
221,319
221,320
221,321
221,322
221,323
221,324
221,325
221,326
221,327
221,330
221,341
221,342
221,343
221,344
221,354
221,355
221,356
221,357
222,271
222,272
222,273
222,274
222,276
222,279
222,280
222,282
222,283
222,284
222,285
222,287
222,288
222,289
222,291
222,293
222,294
222,297
222,298
222,300
222,302
222,303
222,304
222,305
222,306
222,307
222,308
222,309
222,310
222,311
222,314
222,315
222,316
222,317
222,319
222,322
222,324
222,325
222,342
222,344
222,355
222,356
222,357
222,358
223,271
223,272
223,274
223,275
223,276
223,277
223,279
223,282
223,283
223,284
223,286
223,287
223,289
223,290
223,291
223,293
223,303
223,305
223,306
223,307
223,308
223,309
223,310
223,311
223,314
223,315
223,316
223,317
223,318
223,321
223,322
223,323
223,324
223,325
223,330
223,337
223,341
223,342
223,343
223,354
223,355
223,356
223,357
223,358
223,363
224,274
224,275
224,277
224,278
224,279
224,280
224,281
224,282
224,284
224,285
224,287
224,288
224,289
224,290
224,296
224,297
224,298
224,299
224,301
224,302
224,303
224,304
224,308
224,309
224,310
224,312
224,313
224,314
224,316
224,317
224,318
224,320
224,321
224,323
224,341
224,342
224,343
224,344
224,353
224,354
224,355
224,356
224,357
224,358
224,359
224,360
224,361
224,362
224,363
224,364
225,272
225,273
225,274
225,275
225,276
225,277
225,278
225,279
225,280
225,281
225,282
225,283
225,284
225,285
225,286
225,288
225,289
225,290
225,296
225,297
225,298
225,299
225,300
225,301
225,302
225,307
225,309
225,313
225,314
225,315
225,320
225,329
225,334
225,337
225,340
225,341
225,342
225,343
225,344
225,355
225,356
225,357
225,358
225,359
225,360
225,361
225,362
225,363
225,364
225,365
225,366
225,367
225,368
226,273
226,274
226,275
226,276
226,277
226,278
226,279
226,281
226,287
226,290
226,293
226,295
226,297
226,298
226,303
226,305
226,310
226,311
226,313
226,318
226,319
226,332
226,333
226,339
226,340
226,341
226,343
226,344
226,345
226,347
226,352
226,353
226,354
226,355
226,356
226,357
226,358
226,359
226,360
226,361
226,362
226,363
226,364
226,365
226,366
226,367
226,368
226,369
227,272
227,273
227,274
227,275
227,276
227,277
227,280
227,281
227,284
227,285
227,288
227,289
227,292
227,293
227,295
227,296
227,297
227,299
227,301
227,307
227,308
227,309
227,310
227,311
227,312
227,313
227,314
227,316
227,319
227,320
227,321
227,323
227,326
227,328
227,330
227,331
227,333
227,337
227,340
227,341
227,342
227,344
227,348
227,350
227,352
227,354
227,355
227,356
227,358
227,359
227,360
227,361
227,364
227,365
227,366
227,367
227,368
227,370
228,273
228,275
228,277
228,278
228,279
228,280
228,281
228,282
228,284
228,285
228,286
228,288
228,290
228,291
228,293
228,296
228,300
228,302
228,303
228,307
228,308
228,310
228,314
228,319
228,320
228,321
228,323
228,330
228,332
228,333
228,334
228,340
228,341
228,342
228,343
228,344
228,345
228,346
228,347
228,349
228,350
228,352
228,353
228,354
228,357
228,358
228,359
228,360
228,361
228,362
228,363
228,364
228,365
228,366
228,367
228,368
228,369
228,370
228,371
229,278
229,280
229,283
229,284
229,287
229,289
229,295
229,296
229,297
229,298
229,299
229,300
229,302
229,305
229,307
229,308
229,309
229,310
229,312
229,313
229,320
229,321
229,332
229,333
229,340
229,342
229,343
229,344
229,346
229,347
229,349
229,350
229,351
229,353
229,355
229,356
229,357
229,362
229,363
229,365
229,367
229,368
229,369
229,370
230,276
230,278
230,279
230,280
230,281
230,283
230,285
230,289
230,291
230,293
230,294
230,296
230,297
230,299
230,300
230,302
230,305
230,308
230,310
230,313
230,315
230,317
230,318
230,328
230,329
230,332
230,333
230,340
230,343
230,345
230,346
230,348
230,349
230,350
230,351
230,352
230,353
230,354
230,356
230,357
230,359
230,360
230,361
230,362
230,363
230,364
230,365
230,367
230,368
230,369
230,370
230,371
231,277
231,280
231,282
231,283
231,284
231,286
231,287
231,290
231,291
231,292
231,293
231,294
231,295
231,297
231,298
231,301
231,303
231,305
231,307
231,308
231,310
231,311
231,321
231,326
231,328
231,335
231,336
231,337
231,340
231,341
231,342
231,343
231,347
231,348
231,349
231,351
231,352
231,353
231,354
231,355
231,357
231,360
231,361
231,362
231,363
231,364
231,365
231,366
231,367
231,368
231,369
231,370
231,371
231,372
232,257
232,278
232,279
232,282
232,283
232,284
232,285
232,286
232,288
232,291
232,292
232,293
232,294
232,295
232,297
232,302
232,306
232,307
232,309
232,311
232,312
232,325
232,327
232,329
232,330
232,332
232,333
232,334
232,335
232,336
232,338
232,339
232,340
232,341
232,346
232,347
232,348
232,349
232,350
232,351
232,352
232,353
232,354
232,355
232,357
232,358
232,359
232,360
232,362
232,363
232,365
232,366
232,367
232,369
232,370
232,371
233,277
233,280
233,281
233,283
233,285
233,286
233,291
233,297
233,298
233,301
233,303
233,306
233,307
233,311
233,319
233,320
233,321
233,326
233,329
233,331
233,332
233,333
233,334
233,335
233,336
233,337
233,338
233,339
233,341
233,343
233,344
233,346
233,347
233,348
233,349
233,350
233,353
233,354
233,355
233,356
233,357
233,359
233,360
233,361
233,362
233,363
233,364
233,365
233,366
233,370
234,283
234,284
234,285
234,287
234,288
234,291
234,292
234,294
234,298
234,300
234,304
234,307
234,308
234,309
234,311
234,315
234,318
234,319
234,321
234,325
234,326
234,328
234,329
234,332
234,333
234,334
234,335
234,338
234,339
234,342
234,346
234,347
234,349
234,350
234,352
234,355
234,356
234,357
234,358
234,359
234,360
235,260
235,277
235,280
235,288
235,289
235,290
235,292
235,294
235,297
235,300
235,301
235,303
235,304
235,305
235,306
235,309
235,312
235,315
235,316
235,318
235,320
235,321
235,322
235,326
235,327
235,333
235,336
235,337
235,339
235,341
235,349
235,350
235,353
235,354
235,357
235,359
235,360
235,368
236,240
236,258
236,270
236,279
236,280
236,288
236,289
236,292
236,293
236,295
236,297
236,298
236,301
236,306
236,307
236,316
236,322
236,323
236,325
236,329
236,335
236,336
236,337
236,338
236,339
236,344
236,346
236,353
236,354
236,356
236,358
236,359
236,360
236,368
236,371
236,379
236,380
237,240
237,257
237,259
237,279
237,280
237,282
237,284
237,286
237,287
237,288
237,289
237,290
237,291
237,293
237,295
237,297
237,300
237,305
237,306
237,313
237,315
237,319
237,325
237,331
237,337
237,339
237,345
237,349
237,350
237,354
237,355
237,360
237,373
237,379
237,381
238,256
238,280
238,285
238,287
238,288
238,290
238,291
238,292
238,294
238,295
238,296
238,302
238,306
238,309
238,311
238,312
238,314
238,316
238,318
238,321
238,328
238,330
238,331
238,332
238,335
238,336
238,337
238,343
238,345
238,347
238,351
238,352
238,354
238,356
238,357
238,358
238,359
238,360
238,365
239,259
239,276
239,280
239,284
239,285
239,286
239,287
239,288
239,289
239,293
239,294
239,296
239,298
239,300
239,305
239,306
239,309
239,312
239,314
239,317
239,318
239,322
239,323
239,325
239,326
239,332
239,340
239,345
239,348
239,349
239,352
239,354
239,355
239,360
239,362
239,368
239,370
239,375
240,247
240,287
240,289
240,290
240,291
240,292
240,293
240,295
240,296
240,297
240,299
240,301
240,303
240,306
240,307
240,310
240,315
240,317
240,320
240,322
240,324
240,325
240,326
240,328
240,329
240,335
240,336
240,337
240,338
240,339
240,340
240,341
240,343
240,344
240,345
240,346
240,347
240,348
240,350
240,351
240,352
240,353
240,354
240,355
240,357
240,360
240,363
240,366
240,369
240,375
240,376
241,226
241,262
241,280
241,286
241,288
241,290
241,292
241,293
241,294
241,295
241,297
241,300
241,301
241,304
241,312
241,313
241,318
241,320
241,322
241,323
241,324
241,326
241,329
241,335
241,340
241,341
241,342
241,343
241,344
241,345
241,348
241,353
241,355
241,362
241,366
241,375
242,282
242,283
242,288
242,290
242,297
242,298
242,300
242,301
242,303
242,309
242,315
242,320
242,322
242,323
242,326
242,327
242,328
242,330
242,333
242,335
242,341
242,344
242,350
242,351
242,354
242,355
242,356
242,357
242,358
242,361
242,376
243,223
243,225
243,236
243,266
243,278
243,279
243,281
243,283
243,288
243,291
243,293
243,296
243,298
243,301
243,303
243,305
243,307
243,313
243,314
243,315
243,317
243,318
243,319
243,320
243,321
243,322
243,324
243,332
243,339
243,343
243,346
243,347
243,348
243,349
243,355
243,357
243,378
243,379
244,266
244,275
244,279
244,284
244,288
244,291
244,292
244,296
244,301
244,303
244,305
244,309
244,311
244,316
244,317
244,321
244,324
244,326
244,327
244,334
244,343
244,345
244,346
244,348
244,350
244,352
244,355
244,356
244,360
245,273
245,290
245,291
245,292
245,295
245,296
245,298
245,299
245,300
245,304
245,308
245,310
245,311
245,312
245,315
245,317
245,319
245,321
245,322
245,324
245,326
245,328
245,331
245,332
245,336
245,341
245,343
245,345
245,346
245,347
245,348
245,349
245,350
245,352
245,354
245,357
245,360
245,361
245,365
245,367
245,370
245,371
245,375
245,393
246,226
246,255
246,282
246,290
246,292
246,294
246,296
246,299
246,305
246,311
246,314
246,321
246,322
246,328
246,329
246,332
246,333
246,340
246,342
246,343
246,344
246,348
246,351
246,353
246,354
246,358
246,361
246,367
246,369
246,370
247,217
247,222
247,228
247,240
247,246
247,274
247,279
247,284
247,285
247,289
247,293
247,296
247,297
247,298
247,299
247,300
247,301
247,304
247,307
247,311
247,313
247,316
247,321
247,322
247,323
247,326
247,327
247,335
247,339
247,343
247,350
247,361
247,363
247,368
247,377
247,378
248,219
248,241
248,278
248,281
248,294
248,299
248,300
248,305
248,309
248,312
248,317
248,319
248,321
248,323
248,326
248,327
248,333
248,343
248,345
248,348
248,351
248,352
248,354
248,357
248,362
248,363
248,364
249,221
249,232
249,241
249,242
249,246
249,278
249,280
249,286
249,291
249,294
249,295
249,296
249,298
249,305
249,315
249,317
249,323
249,325
249,327
249,331
249,333
249,336
249,340
249,344
249,347
249,351
249,364
249,376
250,213
250,214
250,225
250,226
250,240
250,243
250,244
250,246
250,280
250,290
250,292
250,297
250,302
250,303
250,305
250,307
250,311
250,313
250,314
250,318
250,319
250,325
250,330
250,333
250,334
250,336
250,340
250,341
250,342
250,344
250,345
250,346
250,347
250,349
250,359
250,360
250,362
250,363
250,371
250,372
251,213
251,215
251,221
251,223
251,224
251,232
251,242
251,243
251,246
251,247
251,250
251,274
251,275
251,276
251,278
251,288
251,294
251,296
251,298
251,300
251,305
251,308
251,310
251,313
251,315
251,316
251,322
251,323
251,325
251,334
251,336
251,338
251,340
251,344
251,347
251,353
251,355
251,356
251,361
251,365
252,209
252,218
252,232
252,237
252,245
252,252
252,260
252,276
252,277
252,279
252,280
252,281
252,285
252,288
252,295
252,299
252,302
252,304
252,308
252,320
252,325
252,329
252,331
252,343
252,348
252,352
252,362
252,365
252,366
252,367
252,368
252,369
252,371
252,374
252,388
252,393
253,203
253,222
253,229
253,247
253,255
253,264
253,265
253,276
253,279
253,284
253,287
253,290
253,295
253,297
253,298
253,301
253,303
253,305
253,306
253,310
253,313
253,317
253,320
253,321
253,322
253,323
253,324
253,331
253,336
253,337
253,339
253,340
253,343
253,344
253,348
253,351
253,366
253,389
253,392
253,397
253,401
253,408
254,217
254,219
254,221
254,223
254,243
254,245
254,248
254,251
254,259
254,272
254,280
254,286
254,288
254,290
254,297
254,298
254,299
254,300
254,315
254,316
254,318
254,323
254,332
254,336
254,341
254,345
254,348
254,351
254,352
254,353
254,358
254,367
254,369
254,378
254,379
254,384
254,388
254,393
254,396
254,398
255,206
255,207
255,208
255,209
255,210
255,211
255,214
255,216
255,217
255,224
255,231
255,236
255,243
255,247
255,253
255,257
255,273
255,276
255,280
255,283
255,284
255,287
255,289
255,300
255,311
255,316
255,320
255,321
255,323
255,328
255,329
255,330
255,331
255,333
255,347
255,348
255,357
255,365
255,369
255,392
256,203
256,205
256,206
256,207
256,208
256,209
256,210
256,211
256,212
256,215
256,216
256,219
256,220
256,221
256,223
256,226
256,230
256,234
256,238
256,239
256,244
256,245
256,247
256,251
256,252
256,260
256,273
256,279
256,280
256,288
256,301
256,303
256,311
256,323
256,324
256,326
256,328
256,334
256,337
256,348
256,356
256,357
256,359
256,365
256,369
256,372
256,374
256,385
256,400
256,401
256,403
257,201
257,202
257,203
257,204
257,205
257,206
257,207
257,208
257,209
257,210
257,211
257,212
257,213
257,214
257,216
257,217
257,218
257,219
257,220
257,221
257,222
257,224
257,227
257,230
257,231
257,232
257,244
257,254
257,256
257,257
257,258
257,264
257,272
257,273
257,276
257,280
257,281
257,290
257,292
257,304
257,305
257,311
257,313
257,314
257,316
257,318
257,319
257,322
257,328
257,335
257,336
257,338
257,339
257,342
257,347
257,352
257,356
257,357
257,358
257,369
257,370
257,374
257,378
257,379
257,380
257,383
257,385
257,387
257,394
257,406
258,201
258,202
258,203
258,204
258,205
258,206
258,207
258,208
258,209
258,210
258,211
258,216
258,220
258,222
258,223
258,225
258,226
258,228
258,230
258,231
258,236
258,248
258,251
258,259
258,282
258,302
258,306
258,308
258,318
258,323
258,328
258,329
258,332
258,333
258,336
258,337
258,340
258,341
258,342
258,344
258,348
258,353
258,359
258,361
258,362
258,363
258,368
258,371
258,372
258,380
258,381
258,386
258,403
258,414
258,415
258,416
259,200
259,201
259,202
259,203
259,204
259,205
259,207
259,208
259,210
259,213
259,216
259,218
259,219
259,222
259,223
259,224
259,225
259,227
259,228
259,232
259,233
259,238
259,245
259,252
259,255
259,265
259,271
259,273
259,278
259,279
259,289
259,292
259,295
259,298
259,300
259,302
259,303
259,307
259,314
259,315
259,316
259,317
259,320
259,321
259,322
259,338
259,341
259,346
259,349
259,353
259,359
259,361
259,363
259,370
259,373
259,376
259,382
259,387
259,390
259,396
259,397
259,399
259,400
259,401
259,402
259,403
259,409
259,413
259,414
259,415
259,416
260,202
260,203
260,204
260,205
260,206
260,208
260,209
260,216
260,217
260,218
260,221
260,225
260,226
260,228
260,229
260,231
260,232
260,237
260,241
260,247
260,258
260,263
260,266
260,278
260,279
260,283
260,291
260,296
260,297
260,305
260,313
260,316
260,319
260,325
260,328
260,329
260,333
260,341
260,342
260,344
260,347
260,357
260,370
260,372
260,382
260,387
260,393
260,396
260,397
260,398
260,401
260,402
260,403
260,404
260,410
260,411
260,412
260,414
260,415
260,416
260,417
261,201
261,202
261,203
261,204
261,205
261,206
261,207
261,208
261,209
261,210
261,212
261,213
261,214
261,216
261,218
261,219
261,220
261,221
261,222
261,223
261,224
261,225
261,226
261,227
261,228
261,230
261,231
261,234
261,242
261,245
261,252
261,256
261,261
261,263
261,264
261,265
261,269
261,273
261,276
261,281
261,282
261,283
261,293
261,300
261,314
261,323
261,325
261,326
261,330
261,355
261,356
261,359
261,373
261,382
261,384
261,394
261,395
261,396
261,397
261,399
261,401
261,402
261,403
261,404
261,405
261,407
261,408
261,410
261,411
261,412
261,413
261,414
261,415
261,416
261,417
261,418
262,201
262,203
262,205
262,206
262,207
262,208
262,209
262,211
262,212
262,213
262,215
262,218
262,219
262,220
262,221
262,222
262,223
262,227
262,229
262,234
262,253
262,258
262,261
262,266
262,267
262,269
262,271
262,281
262,286
262,288
262,289
262,292
262,294
262,304
262,317
262,318
262,320
262,325
262,335
262,340
262,341
262,343
262,353
262,369
262,374
262,376
262,380
262,381
262,382
262,384
262,385
262,387
262,389
262,396
262,397
262,398
262,399
262,400
262,403
262,404
262,405
262,407
262,409
262,410
262,411
262,412
262,413
262,414
262,415
262,416
262,417
262,419
262,421
262,422
262,423
263,202
263,203
263,205
263,206
263,207
263,208
263,210
263,211
263,213
263,217
263,218
263,220
263,221
263,222
263,223
263,224
263,225
263,226
263,227
263,228
263,230
263,231
263,232
263,233
263,234
263,237
263,239
263,240
263,241
263,245
263,249
263,255
263,261
263,267
263,268
263,272
263,278
263,279
263,280
263,286
263,288
263,291
263,296
263,304
263,305
263,314
263,315
263,318
263,320
263,321
263,322
263,324
263,325
263,327
263,331
263,334
263,346
263,347
263,364
263,370
263,374
263,375
263,378
263,379
263,380
263,381
263,382
263,383
263,385
263,386
263,388
263,389
263,390
263,392
263,394
263,396
263,397
263,398
263,400
263,401
263,402
263,403
263,404
263,405
263,406
263,408
263,409
263,410
263,411
263,412
263,413
263,414
263,415
263,416
263,417
263,418
263,419
263,420
263,421
263,423
263,424
264,201
264,202
264,203
264,204
264,205
264,206
264,208
264,209
264,210
264,211
264,213
264,215
264,216
264,217
264,218
264,221
264,222
264,225
264,227
264,230
264,231
264,237
264,239
264,255
264,265
264,267
264,275
264,282
264,283
264,284
264,285
264,291
264,295
264,296
264,298
264,299
264,307
264,316
264,324
264,326
264,329
264,332
264,336
264,342
264,363
264,364
264,369
264,371
264,374
264,375
264,376
264,377
264,378
264,380
264,381
264,382
264,383
264,387
264,388
264,389
264,390
264,391
264,392
264,394
264,395
264,397
264,399
264,401
264,402
264,404
264,405
264,408
264,409
264,410
264,411
264,412
264,413
264,414
264,416
264,417
264,418
264,420
264,421
264,422
264,423
264,424
264,425
265,200
265,201
265,202
265,203
265,204
265,205
265,208
265,211
265,212
265,213
265,216
265,217
265,218
265,219
265,220
265,221
265,223
265,226
265,227
265,229
265,230
265,233
265,234
265,235
265,236
265,237
265,238
265,248
265,249
265,253
265,256
265,265
265,269
265,281
265,291
265,299
265,300
265,301
265,304
265,307
265,312
265,313
265,316
265,326
265,334
265,335
265,346
265,353
265,359
265,361
265,371
265,372
265,375
265,381
265,382
265,383
265,384
265,387
265,388
265,389
265,391
265,392
265,393
265,395
265,399
265,404
265,406
265,407
265,409
265,410
265,411
265,412
265,413
265,414
265,416
265,417
265,419
265,420
265,421
265,422
265,423
265,424
265,425
266,204
266,205
266,206
266,208
266,210
266,211
266,213
266,215
266,217
266,218
266,221
266,223
266,226
266,228
266,229
266,230
266,232
266,233
266,235
266,236
266,241
266,246
266,254
266,258
266,261
266,262
266,265
266,268
266,286
266,295
266,296
266,297
266,298
266,312
266,314
266,315
266,318
266,325
266,340
266,360
266,364
266,368
266,369
266,374
266,376
266,378
266,383
266,384
266,386
266,387
266,388
266,389
266,390
266,391
266,392
266,394
266,395
266,396
266,397
266,399
266,400
266,402
266,403
266,404
266,405
266,408
266,409
266,411
266,413
266,414
266,415
266,416
266,417
266,418
266,419
266,420
266,421
266,422
266,423
266,424
266,425
266,426
267,204
267,207
267,208
267,210
267,211
267,212
267,214
267,215
267,217
267,218
267,219
267,220
267,221
267,223
267,227
267,228
267,231
267,235
267,239
267,243
267,244
267,246
267,247
267,248
267,251
267,256
267,260
267,263
267,266
267,267
267,272
267,296
267,299
267,300
267,307
267,313
267,316
267,319
267,320
267,322
267,333
267,334
267,335
267,337
267,346
267,348
267,349
267,352
267,361
267,362
267,364
267,368
267,369
267,371
267,377
267,379
267,384
267,386
267,388
267,389
267,390
267,391
267,392
267,395
267,397
267,398
267,399
267,400
267,401
267,402
267,404
267,405
267,408
267,409
267,410
267,412
267,413
267,414
267,415
267,416
267,417
267,418
267,419
267,420
267,421
267,422
267,424
267,425
267,427
268,201
268,203
268,209
268,210
268,211
268,212
268,220
268,223
268,225
268,227
268,228
268,236
268,239
268,247
268,250
268,251
268,252
268,253
268,254
268,256
268,261
268,269
268,276
268,287
268,291
268,292
268,293
268,298
268,300
268,301
268,315
268,325
268,333
268,334
268,343
268,344
268,345
268,355
268,356
268,358
268,361
268,363
268,365
268,366
268,370
268,373
268,374
268,375
268,380
268,383
268,386
268,394
268,395
268,396
268,397
268,399
268,401
268,402
268,404
268,405
268,406
268,407
268,408
268,409
268,410
268,411
268,412
268,413
268,415
268,416
268,417
268,418
268,420
268,421
268,422
268,423
268,424
268,425
268,426
268,427
269,198
269,201
269,202
269,203
269,204
269,205
269,206
269,207
269,209
269,210
269,211
269,217
269,218
269,219
269,225
269,226
269,234
269,240
269,242
269,247
269,249
269,255
269,257
269,268
269,273
269,283
269,289
269,292
269,295
269,308
269,314
269,316
269,340
269,346
269,359
269,361
269,364
269,365
269,367
269,369
269,372
269,375
269,377
269,379
269,380
269,382
269,392
269,394
269,395
269,398
269,402
269,403
269,406
269,407
269,408
269,410
269,412
269,413
269,414
269,415
269,417
269,418
269,419
269,420
269,421
269,422
269,423
269,424
269,425
269,426
269,428
270,201
270,203
270,204
270,205
270,207
270,210
270,211
270,213
270,215
270,218
270,222
270,223
270,224
270,225
270,231
270,233
270,237
270,240
270,241
270,245
270,249
270,250
270,251
270,254
270,260
270,264
270,265
270,275
270,281
270,287
270,290
270,295
270,296
270,313
270,314
270,334
270,341
270,343
270,347
270,349
270,351
270,356
270,357
270,359
270,360
270,362
270,366
270,370
270,372
270,373
270,374
270,380
270,381
270,383
270,385
270,386
270,387
270,395
270,396
270,399
270,403
270,404
270,405
270,406
270,408
270,409
270,411
270,412
270,413
270,414
270,416
270,418
270,419
270,420
270,421
270,422
270,423
270,424
270,425
271,201
271,202
271,203
271,205
271,207
271,211
271,215
271,219
271,220
271,222
271,223
271,226
271,227
271,229
271,231
271,232
271,235
271,236
271,237
271,239
271,240
271,249
271,251
271,255
271,256
271,258
271,262
271,264
271,267
271,274
271,284
271,293
271,294
271,310
271,313
271,319
271,327
271,333
271,337
271,341
271,343
271,346
271,349
271,351
271,355
271,356
271,361
271,362
271,379
271,381
271,383
271,384
271,387
271,389
271,396
271,398
271,401
271,402
271,405
271,407
271,408
271,411
271,412
271,413
271,414
271,416
271,417
271,418
271,419
271,420
272,184
272,200
272,203
272,204
272,208
272,210
272,213
272,214
272,215
272,219
272,220
272,221
272,223
272,225
272,226
272,228
272,229
272,230
272,231
272,232
272,233
272,234
272,236
272,241
272,244
272,246
272,248
272,251
272,253
272,258
272,264
272,265
272,268
272,271
272,272
272,277
272,281
272,282
272,284
272,287
272,289
272,291
272,294
272,298
272,301
272,304
272,305
272,312
272,322
272,326
272,327
272,332
272,337
272,345
272,346
272,357
272,383
272,384
272,386
272,391
272,393
272,395
272,396
272,398
272,401
272,403
272,404
272,405
272,406
272,407
272,410
272,412
272,414
272,415
272,417
272,418
272,419
272,420
272,421
272,427
273,182
273,183
273,184
273,198
273,201
273,212
273,213
273,214
273,215
273,216
273,218
273,219
273,222
273,224
273,225
273,228
273,232
273,237
273,239
273,240
273,243
273,244
273,247
273,257
273,264
273,265
273,272
273,276
273,280
273,282
273,284
273,287
273,296
273,299
273,300
273,302
273,304
273,323
273,327
273,329
273,335
273,337
273,340
273,342
273,343
273,350
273,355
273,371
273,378
273,380
273,381
273,383
273,386
273,387
273,394
273,395
273,397
273,400
273,401
273,404
273,406
273,407
273,410
273,411
273,412
273,413
273,414
273,416
273,417
273,418
273,419
273,420
274,179
274,180
274,181
274,182
274,183
274,191
274,196
274,206
274,207
274,210
274,212
274,213
274,214
274,215
274,216
274,220
274,224
274,225
274,227
274,229
274,230
274,234
274,235
274,236
274,237
274,238
274,242
274,245
274,248
274,254
274,260
274,263
274,268
274,270
274,272
274,279
274,280
274,286
274,289
274,290
274,291
274,295
274,298
274,299
274,300
274,304
274,314
274,315
274,316
274,321
274,323
274,335
274,339
274,342
274,343
274,344
274,352
274,355
274,366
274,373
274,380
274,384
274,388
274,389
274,390
274,391
274,393
274,395
274,397
274,398
274,399
274,401
274,403
274,404
274,406
274,409
274,410
274,413
274,415
274,416
274,417
274,418
274,420
274,422
274,423
274,424
274,433
275,183
275,192
275,204
275,205
275,210
275,214
275,217
275,221
275,225
275,227
275,229
275,230
275,234
275,235
275,237
275,238
275,239
275,240
275,246
275,247
275,252
275,257
275,259
275,260
275,269
275,283
275,284
275,290
275,296
275,297
275,299
275,300
275,302
275,311
275,313
275,320
275,321
275,322
275,325
275,326
275,329
275,332
275,334
275,335
275,337
275,339
275,341
275,344
275,347
275,348
275,350
275,351
275,372
275,373
275,374
275,375
275,378
275,380
275,381
275,387
275,395
275,397
275,399
275,400
275,402
275,404
275,408
275,409
275,410
275,412
275,413
275,414
275,415
275,416
275,417
275,419
275,421
275,422
275,423
275,425
275,426
275,427
275,428
275,429
275,430
275,431
275,432
275,433
275,434
275,435
275,436
275,437
276,179
276,180
276,181
276,182
276,183
276,185
276,186
276,187
276,188
276,189
276,190
276,191
276,195
276,196
276,199
276,200
276,202
276,203
276,207
276,215
276,216
276,218
276,223
276,224
276,229
276,231
276,240
276,242
276,243
276,248
276,249
276,253
276,254
276,257
276,259
276,269
276,288
276,291
276,300
276,310
276,325
276,328
276,329
276,335
276,338
276,339
276,340
276,373
276,382
276,383
276,385
276,388
276,389
276,397
276,398
276,402
276,403
276,404
276,405
276,406
276,407
276,408
276,409
276,410
276,413
276,414
276,416
276,417
276,420
276,421
276,422
276,423
276,424
276,425
276,426
276,427
276,429
276,431
276,432
276,433
276,434
276,435
277,177
277,178
277,179
277,180
277,181
277,182
277,184
277,185
277,186
277,187
277,188
277,190
277,191
277,193
277,194
277,195
277,197
277,198
277,199
277,200
277,201
277,204
277,206
277,209
277,211
277,214
277,215
277,216
277,222
277,235
277,236
277,237
277,241
277,242
277,243
277,244
277,252
277,254
277,255
277,256
277,258
277,263
277,283
277,290
277,297
277,300
277,304
277,307
277,308
277,312
277,314
277,317
277,321
277,329
277,332
277,336
277,349
277,352
277,362
277,367
277,369
277,370
277,371
277,372
277,381
277,385
277,386
277,387
277,388
277,389
277,394
277,397
277,398
277,400
277,401
277,403
277,404
277,405
277,406
277,409
277,414
277,415
277,418
277,420
277,421
277,423
277,424
277,426
277,427
277,429
277,430
277,431
277,433
277,434
277,435
277,436
277,437
278,175
278,176
278,178
278,181
278,182
278,183
278,185
278,186
278,187
278,188
278,190
278,191
278,192
278,193
278,195
278,196
278,199
278,200
278,202
278,203
278,204
278,205
278,207
278,208
278,209
278,210
278,211
278,212
278,215
278,218
278,224
278,235
278,237
278,240
278,242
278,243
278,244
278,247
278,249
278,250
278,253
278,257
278,258
278,267
278,288
278,292
278,295
278,297
278,300
278,302
278,311
278,318
278,320
278,326
278,333
278,339
278,349
278,366
278,370
278,372
278,373
278,377
278,382
278,383
278,385
278,393
278,395
278,396
278,397
278,398
278,399
278,401
278,402
278,404
278,406
278,408
278,409
278,410
278,411
278,413
278,415
278,416
278,419
278,420
278,421
278,422
278,423
278,425
278,426
278,427
278,428
278,429
278,430
278,431
278,432
278,434
278,437
279,174
279,177
279,178
279,179
279,180
279,181
279,182
279,183
279,184
279,186
279,187
279,188
279,190
279,192
279,194
279,195
279,196
279,197
279,201
279,203
279,209
279,214
279,216
279,217
279,220
279,221
279,223
279,227
279,231
279,237
279,238
279,240
279,244
279,245
279,265
279,271
279,276
279,278
279,284
279,294
279,295
279,296
279,302
279,308
279,309
279,319
279,329
279,361
279,364
279,365
279,369
279,375
279,378
279,382
279,386
279,389
279,391
279,396
279,398
279,400
279,401
279,403
279,405
279,407
279,408
279,409
279,410
279,412
279,413
279,414
279,415
279,418
279,420
279,421
279,422
279,423
279,426
279,427
279,428
279,429
279,430
279,431
279,432
279,433
279,434
279,435
279,437
279,438
280,173
280,175
280,176
280,177
280,179
280,180
280,181
280,182
280,183
280,185
280,186
280,188
280,189
280,190
280,191
280,192
280,193
280,194
280,195
280,196
280,197
280,198
280,199
280,202
280,203
280,206
280,208
280,209
280,210
280,213
280,214
280,215
280,217
280,219
280,220
280,223
280,226
280,230
280,233
280,236
280,238
280,239
280,240
280,244
280,245
280,246
280,247
280,251
280,254
280,255
280,258
280,260
280,271
280,276
280,289
280,290
280,295
280,301
280,307
280,311
280,326
280,329
280,330
280,333
280,335
280,342
280,353
280,359
280,367
280,375
280,376
280,380
280,382
280,384
280,385
280,388
280,389
280,391
280,393
280,400
280,402
280,403
280,404
280,405
280,408
280,411
280,412
280,413
280,415
280,416
280,417
280,418
280,420
280,424
280,425
280,426
280,427
280,428
280,431
280,432
280,433
280,434
280,435
280,436
280,437
281,174
281,175
281,176
281,177
281,178
281,179
281,180
281,182
281,183
281,184
281,186
281,188
281,189
281,190
281,193
281,198
281,200
281,201
281,202
281,203
281,205
281,206
281,207
281,211
281,220
281,223
281,224
281,226
281,227
281,230
281,235
281,240
281,245
281,248
281,251
281,253
281,265
281,266
281,268
281,279
281,292
281,293
281,296
281,299
281,302
281,305
281,321
281,329
281,330
281,340
281,347
281,357
281,358
281,364
281,370
281,372
281,376
281,378
281,379
281,382
281,388
281,391
281,392
281,393
281,394
281,397
281,399
281,400
281,401
281,402
281,403
281,404
281,406
281,408
281,410
281,413
281,414
281,415
281,416
281,417
281,420
281,422
281,424
281,425
281,426
281,427
281,428
281,429
281,430
281,431
281,432
281,433
281,434
281,435
281,436
281,437
282,177
282,179
282,180
282,181
282,182
282,183
282,184
282,185
282,186
282,187
282,188
282,189
282,190
282,191
282,192
282,193
282,195
282,197
282,198
282,202
282,205
282,207
282,212
282,213
282,214
282,215
282,218
282,221
282,223
282,229
282,230
282,231
282,233
282,236
282,237
282,238
282,245
282,250
282,253
282,256
282,266
282,272
282,274
282,279
282,282
282,293
282,294
282,299
282,301
282,308
282,311
282,313
282,318
282,319
282,327
282,328
282,330
282,332
282,340
282,341
282,348
282,363
282,366
282,372
282,376
282,380
282,387
282,389
282,390
282,402
282,406
282,407
282,408
282,409
282,415
282,417
282,418
282,419
282,420
282,421
282,422
282,424
282,426
282,427
282,429
282,430
282,431
282,432
282,433
282,435
282,436
283,180
283,181
283,182
283,183
283,184
283,185
283,186
283,187
283,190
283,191
283,192
283,193
283,194
283,196
283,198
283,202
283,203
283,208
283,209
283,210
283,211
283,212
283,214
283,215
283,217
283,218
283,220
283,223
283,224
283,230
283,236
283,241
283,242
283,244
283,251
283,255
283,263
283,265
283,267
283,276
283,277
283,285
283,287
283,289
283,295
283,298
283,299
283,300
283,315
283,324
283,332
283,337
283,338
283,348
283,349
283,354
283,355
283,359
283,362
283,365
283,366
283,367
283,381
283,392
283,393
283,396
283,398
283,403
283,404
283,406
283,407
283,408
283,413
283,414
283,417
283,419
283,421
283,424
283,425
283,427
283,429
283,430
283,431
283,432
283,434
283,435
283,436
283,437
284,178
284,179
284,180
284,182
284,183
284,184
284,186
284,188
284,189
284,191
284,192
284,194
284,195
284,198
284,199
284,200
284,201
284,202
284,203
284,205
284,206
284,208
284,215
284,217
284,218
284,221
284,225
284,230
284,232
284,235
284,237
284,239
284,242
284,251
284,252
284,272
284,278
284,289
284,294
284,304
284,311
284,315
284,320
284,327
284,330
284,333
284,334
284,336
284,337
284,352
284,357
284,361
284,365
284,368
284,370
284,375
284,381
284,387
284,389
284,398
284,399
284,403
284,406
284,410
284,411
284,412
284,413
284,414
284,416
284,422
284,424
284,426
284,428
284,429
284,430
284,431
284,432
284,433
284,434
284,435
284,436
285,177
285,178
285,179
285,180
285,182
285,183
285,184
285,185
285,186
285,187
285,188
285,189
285,190
285,191
285,193
285,194
285,197
285,198
285,202
285,203
285,205
285,208
285,209
285,210
285,211
285,214
285,217
285,220
285,221
285,224
285,226
285,227
285,233
285,234
285,235
285,236
285,237
285,238
285,242
285,244
285,245
285,247
285,249
285,252
285,255
285,264
285,268
285,271
285,287
285,294
285,302
285,303
285,304
285,315
285,316
285,317
285,326
285,327
285,330
285,335
285,337
285,340
285,343
285,344
285,350
285,351
285,352
285,353
285,354
285,357
285,359
285,360
285,361
285,362
285,374
285,375
285,381
285,391
285,394
285,395
285,399
285,403
285,404
285,407
285,412
285,413
285,415
285,417
285,419
285,422
285,425
285,426
285,427
285,428
285,429
285,430
285,431
285,433
285,436
285,437
286,177
286,180
286,181
286,182
286,183
286,185
286,186
286,187
286,188
286,189
286,190
286,191
286,194
286,196
286,197
286,199
286,201
286,202
286,208
286,209
286,214
286,216
286,218
286,224
286,226
286,228
286,229
286,240
286,245
286,253
286,260
286,276
286,279
286,282
286,284
286,286
286,338
286,341
286,355
286,359
286,362
286,363
286,365
286,367
286,370
286,372
286,373
286,374
286,375
286,376
286,380
286,382
286,384
286,386
286,388
286,389
286,390
286,391
286,394
286,397
286,404
286,406
286,409
286,411
286,412
286,414
286,417
286,419
286,420
286,422
286,423
286,424
286,427
286,429
286,430
286,431
286,432
286,434
286,436
286,437
286,438
286,439
286,440
286,441
286,442
287,178
287,179
287,180
287,181
287,183
287,184
287,185
287,187
287,188
287,190
287,191
287,192
287,193
287,194
287,204
287,205
287,206
287,208
287,210
287,212
287,213
287,214
287,215
287,217
287,220
287,222
287,224
287,225
287,230
287,233
287,242
287,243
287,244
287,246
287,247
287,251
287,258
287,259
287,265
287,267
287,271
287,283
287,284
287,294
287,297
287,298
287,301
287,303
287,315
287,316
287,317
287,319
287,325
287,332
287,336
287,339
287,345
287,354
287,355
287,358
287,360
287,363
287,367
287,368
287,369
287,370
287,372
287,375
287,388
287,389
287,390
287,391
287,392
287,394
287,395
287,400
287,402
287,403
287,404
287,408
287,411
287,414
287,415
287,416
287,417
287,419
287,421
287,422
287,423
287,424
287,425
287,426
287,427
287,428
287,429
287,430
287,432
287,433
287,434
287,435
287,436
287,437
287,438
287,439
288,174
288,175
288,176
288,177
288,178
288,179
288,180
288,181
288,182
288,183
288,184
288,185
288,186
288,188
288,189
288,193
288,194
288,196
288,197
288,202
288,203
288,204
288,206
288,209
288,211
288,213
288,214
288,216
288,218
288,219
288,221
288,222
288,223
288,228
288,229
288,230
288,235
288,237
288,238
288,241
288,247
288,251
288,263
288,264
288,278
288,280
288,282
288,294
288,295
288,303
288,305
288,307
288,317
288,326
288,334
288,339
288,341
288,343
288,345
288,347
288,357
288,376
288,378
288,379
288,380
288,383
288,389
288,392
288,393
288,394
288,398
288,401
288,404
288,405
288,406
288,410
288,411
288,415
288,417
288,419
288,420
288,421
288,424
288,426
288,427
288,428
288,429
288,430
288,431
288,432
288,433
288,434
288,435
288,436
288,437
288,438
288,439
288,440
289,174
289,175
289,176
289,178
289,179
289,180
289,181
289,184
289,186
289,187
289,188
289,189
289,190
289,191
289,192
289,193
289,195
289,196
289,198
289,201
289,203
289,209
289,210
289,211
289,213
289,217
289,219
289,220
289,226
289,227
289,229
289,235
289,242
289,249
289,250
289,253
289,262
289,263
289,264
289,266
289,288
289,289
289,290
289,293
289,295
289,308
289,324
289,344
289,351
289,358
289,370
289,371
289,373
289,374
289,378
289,379
289,380
289,383
289,387
289,390
289,391
289,392
289,393
289,394
289,395
289,404
289,405
289,406
289,410
289,413
289,415
289,416
289,417
289,420
289,426
289,428
289,430
289,431
289,432
289,433
289,434
289,435
289,436
289,437
289,438
289,439
289,440
289,441
289,442
289,443
290,172
290,173
290,174
290,175
290,176
290,177
290,178
290,179
290,180
290,181
290,182
290,183
290,184
290,186
290,187
290,188
290,189
290,190
290,193
290,194
290,195
290,197
290,199
290,200
290,201
290,211
290,216
290,218
290,219
290,220
290,222
290,223
290,224
290,229
290,231
290,233
290,236
290,246
290,247
290,250
290,260
290,262
290,268
290,271
290,277
290,280
290,290
290,297
290,300
290,314
290,317
290,321
290,326
290,327
290,328
290,331
290,343
290,346
290,354
290,359
290,364
290,369
290,370
290,376
290,377
290,380
290,382
290,384
290,386
290,389
290,393
290,394
290,395
290,396
290,399
290,400
290,401
290,402
290,403
290,405
290,406
290,407
290,408
290,412
290,421
290,433
290,434
290,435
290,436
290,437
290,438
290,439
290,440
290,442
291,172
291,173
291,174
291,175
291,176
291,177
291,178
291,180
291,182
291,184
291,185
291,186
291,187
291,188
291,189
291,194
291,197
291,199
291,200
291,204
291,207
291,211
291,215
291,218
291,219
291,221
291,223
291,226
291,230
291,231
291,236
291,237
291,243
291,246
291,251
291,267
291,275
291,281
291,303
291,311
291,336
291,338
291,340
291,346
291,352
291,359
291,363
291,368
291,384
291,386
291,393
291,394
291,395
291,396
291,399
291,401
291,409
291,411
291,418
291,439
292,172
292,173
292,175
292,177
292,178
292,179
292,180
292,181
292,182
292,185
292,186
292,188
292,189
292,190
292,191
292,192
292,193
292,196
292,198
292,200
292,201
292,205
292,207
292,213
292,219
292,221
292,228
292,230
292,232
292,234
292,236
292,240
292,245
292,246
292,257
292,261
292,265
292,280
292,290
292,306
292,309
292,314
292,319
292,325
292,329
292,330
292,333
292,335
292,345
292,346
292,353
292,360
292,361
292,370
292,383
292,387
292,394
292,396
292,397
292,399
292,400
292,404
292,406
292,420
292,428
293,171
293,172
293,173
293,174
293,175
293,176
293,177
293,178
293,179
293,180
293,181
293,183
293,184
293,185
293,186
293,188
293,191
293,192
293,193
293,194
293,196
293,199
293,200
293,203
293,205
293,207
293,208
293,209
293,213
293,215
293,222
293,223
293,225
293,227
293,228
293,231
293,237
293,247
293,251
293,253
293,258
293,260
293,261
293,263
293,270
293,276
293,281
293,282
293,286
293,287
293,301
293,307
293,317
293,332
293,333
293,335
293,339
293,347
293,363
293,364
293,367
293,368
293,369
293,376
293,377
293,378
293,382
293,386
293,387
293,389
293,390
293,391
293,396
293,399
293,406
293,417
293,426
294,170
294,171
294,172
294,173
294,175
294,176
294,177
294,178
294,179
294,180
294,181
294,182
294,183
294,185
294,186
294,187
294,189
294,192
294,193
294,194
294,198
294,201
294,206
294,209
294,214
294,215
294,216
294,217
294,221
294,225
294,227
294,239
294,243
294,244
294,249
294,258
294,262
294,263
294,264
294,291
294,303
294,306
294,307
294,315
294,318
294,322
294,337
294,338
294,359
294,360
294,364
294,370
294,373
294,382
294,384
294,389
294,394
294,395
294,402
294,416
294,418
294,428
294,432
295,171
295,173
295,174
295,175
295,176
295,177
295,178
295,179
295,181
295,182
295,183
295,184
295,188
295,190
295,193
295,197
295,198
295,200
295,202
295,204
295,206
295,212
295,214
295,219
295,220
295,222
295,227
295,230
295,232
295,234
295,241
295,242
295,243
295,244
295,245
295,246
295,249
295,250
295,255
295,256
295,265
295,274
295,276
295,283
295,284
295,287
295,318
295,325
295,328
295,338
295,349
295,356
295,358
295,361
295,370
295,371
295,375
295,379
295,385
295,391
295,394
295,403
295,404
295,407
295,410
295,416
295,417
295,418
295,420
295,421
295,424
295,429
296,169
296,170
296,171
296,172
296,173
296,174
296,175
296,176
296,178
296,179
296,183
296,184
296,186
296,188
296,193
296,194
296,195
296,198
296,199
296,201
296,202
296,203
296,204
296,206
296,207
296,208
296,211
296,212
296,213
296,217
296,218
296,219
296,220
296,223
296,227
296,231
296,235
296,236
296,241
296,248
296,264
296,273
296,307
296,311
296,327
296,331
296,343
296,348
296,354
296,357
296,363
296,370
296,371
296,374
296,385
296,396
296,397
296,398
296,405
296,407
296,418
296,420
296,423
296,431
297,166
297,167
297,168
297,169
297,170
297,171
297,172
297,173
297,174
297,177
297,181
297,182
297,184
297,185
297,186
297,187
297,188
297,189
297,190
297,192
297,194
297,197
297,206
297,209
297,212
297,215
297,218
297,220
297,221
297,222
297,223
297,229
297,230
297,232
297,235
297,236
297,238
297,242
297,249
297,250
297,259
297,262
297,267
297,268
297,269
297,272
297,278
297,280
297,282
297,306
297,307
297,308
297,319
297,321
297,324
297,330
297,335
297,346
297,349
297,353
297,354
297,358
297,359
297,393
297,396
297,399
297,407
297,412
297,418
297,420
297,423
298,164
298,165
298,166
298,167
298,168
298,169
298,170
298,171
298,172
298,173
298,174
298,175
298,176
298,177
298,178
298,179
298,180
298,182
298,184
298,185
298,188
298,189
298,190
298,191
298,193
298,194
298,195
298,196
298,197
298,198
298,200
298,202
298,207
298,211
298,216
298,217
298,218
298,219
298,221
298,225
298,228
298,231
298,233
298,238
298,240
298,244
298,251
298,258
298,260
298,262
298,263
298,266
298,297
298,304
298,322
298,325
298,331
298,332
298,349
298,362
298,370
298,377
298,380
298,394
298,395
298,399
298,401
298,410
298,411
298,414
298,415
298,418
298,420
298,421
298,422
298,423
298,424
298,425
298,427
298,434
298,436
299,166
299,167
299,168
299,169
299,170
299,171
299,173
299,174
299,176
299,177
299,178
299,179
299,180
299,181
299,182
299,183
299,185
299,186
299,187
299,189
299,190
299,192
299,193
299,194
299,195
299,196
299,197
299,198
299,199
299,200
299,202
299,203
299,206
299,211
299,212
299,216
299,218
299,220
299,225
299,227
299,236
299,244
299,253
299,256
299,276
299,284
299,289
299,295
299,297
299,310
299,316
299,317
299,318
299,330
299,336
299,339
299,345
299,350
299,354
299,355
299,358
299,361
299,367
299,371
299,373
299,376
299,380
299,381
299,384
299,385
299,386
299,387
299,389
299,392
299,393
299,398
299,409
299,419
299,422
299,423
299,424
300,165
300,166
300,167
300,168
300,169
300,170
300,171
300,172
300,173
300,174
300,176
300,179
300,180
300,181
300,182
300,186
300,188
300,191
300,192
300,194
300,196
300,197
300,203
300,209
300,211
300,212
300,216
300,217
300,220
300,223
300,224
300,225
300,227
300,231
300,236
300,240
300,243
300,248
300,250
300,251
300,253
300,258
300,264
300,268
300,272
300,282
300,287
300,293
300,299
300,305
300,321
300,323
300,325
300,333
300,342
300,346
300,352
300,354
300,355
300,358
300,362
300,372
300,375
300,379
300,381
300,383
300,387
300,393
300,396
300,403
300,411
300,415
300,416
300,417
300,418
300,419
300,420
300,421
300,440
300,441
301,168
301,169
301,170
301,171
301,172
301,173
301,174
301,175
301,176
301,177
301,178
301,179
301,180
301,181
301,182
301,183
301,185
301,187
301,188
301,189
301,191
301,192
301,193
301,194
301,198
301,199
301,200
301,201
301,202
301,203
301,207
301,208
301,213
301,219
301,220
301,222
301,223
301,229
301,233
301,234
301,238
301,239
301,243
301,251
301,252
301,254
301,258
301,259
301,278
301,280
301,281
301,294
301,295
301,296
301,300
301,319
301,330
301,341
301,343
301,356
301,358
301,363
301,368
301,371
301,376
301,378
301,380
301,382
301,386
301,389
301,395
301,399
301,410
301,414
301,415
302,161
302,163
302,164
302,165
302,166
302,167
302,168
302,169
302,170
302,171
302,172
302,174
302,175
302,176
302,177
302,178
302,179
302,180
302,182
302,183
302,185
302,186
302,187
302,190
302,192
302,193
302,194
302,195
302,197
302,198
302,199
302,202
302,206
302,208
302,209
302,210
302,213
302,216
302,218
302,219
302,226
302,231
302,233
302,235
302,239
302,240
302,243
302,246
302,247
302,254
302,257
302,259
302,264
302,266
302,289
302,309
302,319
302,321
302,334
302,340
302,344
302,348
302,358
302,365
302,370
302,375
302,386
302,401
302,426
303,165
303,166
303,167
303,168
303,169
303,171
303,172
303,173
303,174
303,175
303,176
303,178
303,179
303,180
303,181
303,182
303,183
303,184
303,185
303,186
303,187
303,190
303,191
303,193
303,194
303,201
303,203
303,204
303,205
303,206
303,208
303,211
303,214
303,216
303,222
303,224
303,225
303,234
303,250
303,252
303,253
303,256
303,257
303,261
303,270
303,271
303,274
303,276
303,282
303,284
303,286
303,287
303,291
303,306
303,311
303,312
303,319
303,324
303,325
303,335
303,344
303,349
303,353
303,357
303,369
303,373
303,376
303,378
303,383
303,384
303,385
303,387
303,389
303,393
303,402
303,403
303,404
303,408
303,409
303,413
303,416
303,419
303,423
303,425
303,431
303,433
303,437
303,445
304,168
304,169
304,170
304,171
304,172
304,173
304,174
304,175
304,176
304,177
304,178
304,180
304,185
304,186
304,187
304,189
304,190
304,192
304,194
304,201
304,202
304,203
304,204
304,212
304,223
304,224
304,229
304,233
304,237
304,238
304,243
304,244
304,246
304,251
304,253
304,262
304,264
304,271
304,290
304,293
304,309
304,319
304,321
304,332
304,333
304,352
304,361
304,362
304,370
304,371
304,372
304,383
304,386
304,393
304,394
304,401
304,408
304,420
304,430
305,167
305,168
305,169
305,170
305,171
305,172
305,173
305,174
305,176
305,179
305,182
305,184
305,185
305,186
305,187
305,188
305,190
305,191
305,192
305,194
305,195
305,196
305,197
305,198
305,205
305,208
305,212
305,213
305,214
305,217
305,218
305,219
305,221
305,222
305,223
305,224
305,225
305,230
305,232
305,235
305,239
305,240
305,242
305,248
305,250
305,253
305,257
305,260
305,263
305,273
305,278
305,283
305,295
305,298
305,301
305,313
305,314
305,323
305,326
305,329
305,333
305,336
305,344
305,345
305,352
305,356
305,358
305,359
305,360
305,374
305,375
305,377
305,380
305,382
305,384
305,388
305,401
305,406
305,408
305,410
305,412
305,413
305,432
305,439
306,166
306,167
306,168
306,169
306,171
306,172
306,174
306,175
306,176
306,177
306,178
306,179
306,180
306,182
306,183
306,187
306,188
306,189
306,190
306,191
306,192
306,193
306,196
306,197
306,198
306,200
306,206
306,207
306,208
306,209
306,210
306,212
306,213
306,216
306,218
306,219
306,227
306,231
306,236
306,239
306,240
306,244
306,245
306,249
306,251
306,254
306,261
306,286
306,290
306,294
306,297
306,304
306,306
306,322
306,323
306,356
306,365
306,370
306,373
306,375
306,377
306,381
306,383
306,391
306,392
306,400
306,403
306,404
306,407
306,414
306,415
306,418
306,426
306,432
307,167
307,168
307,170
307,171
307,174
307,177
307,178
307,181
307,183
307,186
307,188
307,189
307,190
307,192
307,194
307,195
307,196
307,198
307,200
307,201
307,203
307,208
307,210
307,212
307,213
307,214
307,215
307,217
307,220
307,221
307,226
307,239
307,242
307,246
307,247
307,251
307,252
307,253
307,256
307,258
307,260
307,263
307,270
307,275
307,287
307,295
307,296
307,297
307,300
307,314
307,327
307,335
307,338
307,345
307,354
307,360
307,368
307,371
307,372
307,373
307,376
307,378
307,381
307,387
307,394
307,397
307,400
307,403
307,411
307,412
307,425
308,164
308,165
308,166
308,167
308,168
308,169
308,170
308,172
308,173
308,174
308,175
308,176
308,177
308,179
308,180
308,181
308,182
308,183
308,184
308,186
308,188
308,190
308,191
308,193
308,194
308,195
308,197
308,199
308,201
308,202
308,209
308,215
308,217
308,219
308,222
308,229
308,232
308,240
308,241
308,246
308,264
308,265
308,286
308,287
308,291
308,293
308,303
308,304
308,312
308,316
308,317
308,318
308,319
308,321
308,329
308,330
308,348
308,352
308,359
308,366
308,367
308,368
308,369
308,378
308,380
308,381
308,383
308,386
308,388
308,392
308,396
308,398
308,399
308,400
308,410
308,411
308,416
308,429
309,163
309,164
309,166
309,167
309,168
309,169
309,170
309,171
309,172
309,173
309,174
309,175
309,176
309,179
309,180
309,181
309,182
309,184
309,185
309,187
309,188
309,189
309,190
309,191
309,192
309,193
309,195
309,196
309,197
309,199
309,201
309,206
309,210
309,211
309,212
309,214
309,222
309,227
309,228
309,230
309,245
309,253
309,254
309,255
309,264
309,292
309,296
309,301
309,311
309,315
309,336
309,337
309,342
309,344
309,346
309,348
309,352
309,353
309,361
309,364
309,366
309,376
309,381
309,382
309,383
309,387
309,388
309,389
309,390
309,391
309,392
309,394
309,396
309,400
309,401
309,402
309,416
309,417
309,429
310,165
310,166
310,167
310,169
310,170
310,172
310,174
310,175
310,176
310,177
310,178
310,179
310,180
310,181
310,182
310,183
310,185
310,186
310,190
310,191
310,192
310,193
310,194
310,196
310,197
310,200
310,203
310,207
310,208
310,209
310,210
310,211
310,212
310,217
310,221
310,222
310,228
310,231
310,233
310,234
310,236
310,239
310,240
310,241
310,248
310,249
310,250
310,253
310,261
310,265
310,290
310,298
310,301
310,306
310,310
310,321
310,325
310,326
310,329
310,330
310,341
310,351
310,366
310,373
310,375
310,376
310,379
310,383
310,385
310,388
310,391
310,392
310,393
310,395
310,396
310,397
310,398
310,401
310,403
310,404
310,405
310,406
310,407
310,411
310,415
310,428
311,165
311,166
311,168
311,169
311,170
311,171
311,172
311,176
311,178
311,179
311,180
311,182
311,183
311,189
311,195
311,196
311,201
311,203
311,206
311,207
311,210
311,213
311,214
311,224
311,225
311,227
311,230
311,231
311,236
311,237
311,239
311,242
311,246
311,253
311,265
311,270
311,273
311,274
311,282
311,283
311,291
311,292
311,306
311,311
311,312
311,315
311,333
311,336
311,354
311,355
311,356
311,357
311,360
311,362
311,377
311,384
311,391
311,392
311,395
311,396
311,397
311,398
311,399
311,402
311,403
311,406
311,409
311,416
311,429
312,167
312,179
312,182
312,186
312,187
312,188
312,190
312,191
312,194
312,195
312,199
312,200
312,201
312,202
312,204
312,207
312,208
312,213
312,219
312,228
312,233
312,236
312,238
312,243
312,258
312,264
312,266
312,278
312,280
312,281
312,288
312,292
312,295
312,311
312,312
312,336
312,337
312,344
312,346
312,350
312,358
312,359
312,361
312,364
312,369
312,375
312,378
312,380
312,392
312,393
312,394
312,395
312,396
312,397
312,398
312,401
312,402
312,404
312,407
312,408
312,410
312,411
312,416
312,425
312,431
313,177
313,178
313,179
313,180
313,182
313,183
313,184
313,185
313,188
313,189
313,190
313,192
313,193
313,194
313,196
313,197
313,199
313,201
313,202
313,209
313,222
313,223
313,225
313,226
313,230
313,234
313,237
313,241
313,244
313,256
313,280
313,282
313,299
313,303
313,316
313,330
313,341
313,343
313,344
313,349
313,351
313,356
313,359
313,365
313,386
313,391
313,392
313,395
313,396
313,398
313,400
313,402
313,403
313,405
313,407
313,408
313,409
313,410
313,411
313,412
313,417
313,418
313,419
313,423
313,424
313,425
313,427
314,174
314,176
314,178
314,179
314,180
314,181
314,182
314,183
314,184
314,185
314,186
314,188
314,189
314,190
314,191
314,194
314,197
314,199
314,200
314,201
314,202
314,204
314,205
314,206
314,207
314,209
314,210
314,211
314,212
314,219
314,220
314,221
314,224
314,225
314,228
314,229
314,230
314,249
314,251
314,263
314,266
314,272
314,287
314,291
314,295
314,296
314,313
314,328
314,329
314,332
314,341
314,343
314,344
314,350
314,351
314,356
314,358
314,362
314,363
314,370
314,377
314,382
314,384
314,393
314,394
314,395
314,399
314,400
314,401
314,405
314,406
314,407
314,408
314,409
314,412
314,414
314,419
314,425
314,426
314,431
315,177
315,178
315,179
315,180
315,183
315,184
315,185
315,186
315,187
315,188
315,190
315,192
315,193
315,194
315,195
315,196
315,197
315,198
315,199
315,205
315,206
315,210
315,211
315,218
315,220
315,221
315,222
315,224
315,226
315,230
315,234
315,236
315,237
315,241
315,243
315,245
315,246
315,248
315,251
315,255
315,256
315,257
315,258
315,266
315,277
315,281
315,283
315,284
315,292
315,300
315,304
315,310
315,319
315,321
315,325
315,332
315,334
315,337
315,338
315,339
315,359
315,370
315,371
315,372
315,373
315,374
315,377
315,381
315,382
315,383
315,386
315,387
315,397
315,398
315,399
315,400
315,401
315,404
315,405
315,406
315,407
315,409
315,415
315,418
315,419
315,424
315,426
315,427
315,431
316,170
316,171
316,172
316,173
316,174
316,175
316,177
316,180
316,181
316,183
316,184
316,185
316,186
316,189
316,190
316,191
316,192
316,194
316,196
316,198
316,200
316,202
316,204
316,206
316,209
316,211
316,212
316,214
316,218
316,219
316,220
316,224
316,226
316,227
316,229
316,231
316,234
316,238
316,240
316,243
316,246
316,250
316,258
316,259
316,261
316,262
316,271
316,272
316,274
316,281
316,282
316,291
316,292
316,294
316,296
316,298
316,311
316,313
316,328
316,330
316,332
316,336
316,338
316,342
316,343
316,344
316,350
316,359
316,362
316,368
316,372
316,374
316,377
316,381
316,382
316,383
316,392
316,395
316,397
316,400
316,401
316,402
316,403
316,404
316,405
316,406
316,407
316,412
316,413
316,417
316,418
316,424
316,426
316,427
316,429
317,170
317,171
317,172
317,173
317,174
317,175
317,176
317,177
317,178
317,179
317,180
317,181
317,183
317,184
317,186
317,189
317,190
317,192
317,193
317,197
317,198
317,199
317,201
317,203
317,204
317,208
317,209
317,210
317,212
317,214
317,217
317,218
317,221
317,225
317,226
317,228
317,230
317,231
317,232
317,233
317,236
317,240
317,242
317,243
317,245
317,247
317,255
317,259
317,262
317,264
317,265
317,269
317,272
317,281
317,284
317,287
317,297
317,315
317,316
317,328
317,331
317,332
317,345
317,358
317,360
317,376
317,378
317,379
317,381
317,386
317,398
317,400
317,402
317,403
317,405
317,407
317,408
317,410
317,411
317,412
317,413
317,414
317,415
317,416
317,417
317,418
317,419
317,424
317,425
317,426
317,427
317,428
317,429
317,430
318,170
318,171
318,172
318,173
318,174
318,175
318,176
318,177
318,179
318,182
318,183
318,185
318,186
318,188
318,191
318,193
318,194
318,195
318,196
318,197
318,198
318,199
318,200
318,201
318,202
318,203
318,204
318,206
318,207
318,211
318,212
318,213
318,220
318,226
318,227
318,229
318,231
318,232
318,238
318,241
318,244
318,246
318,250
318,262
318,263
318,268
318,272
318,273
318,286
318,290
318,292
318,295
318,309
318,312
318,329
318,342
318,343
318,351
318,355
318,358
318,360
318,361
318,364
318,369
318,370
318,371
318,373
318,375
318,379
318,387
318,388
318,400
318,401
318,402
318,403
318,407
318,409
318,411
318,413
318,414
318,415
318,416
318,417
318,419
318,424
318,426
318,427
318,428
318,429
318,430
319,172
319,173
319,174
319,176
319,178
319,179
319,181
319,182
319,184
319,185
319,186
319,188
319,190
319,192
319,193
319,194
319,195
319,197
319,198
319,199
319,201
319,203
319,204
319,206
319,210
319,212
319,213
319,214
319,216
319,217
319,229
319,231
319,234
319,237
319,241
319,244
319,247
319,255
319,259
319,261
319,275
319,287
319,289
319,297
319,299
319,300
319,302
319,313
319,317
319,318
319,319
319,324
319,328
319,336
319,338
319,344
319,353
319,358
319,361
319,362
319,369
319,374
319,375
319,378
319,385
319,386
319,387
319,396
319,397
319,399
319,402
319,403
319,404
319,405
319,406
319,409
319,411
319,413
319,414
319,415
319,416
319,417
319,418
319,419
319,420
319,421
319,422
319,425
319,426
319,427
319,428
319,429
319,430
320,168
320,169
320,170
320,171
320,172
320,173
320,174
320,177
320,178
320,179
320,180
320,181
320,182
320,183
320,185
320,186
320,187
320,188
320,190
320,191
320,194
320,199
320,200
320,203
320,206
320,208
320,209
320,214
320,215
320,216
320,219
320,220
320,222
320,223
320,226
320,229
320,235
320,237
320,240
320,242
320,244
320,249
320,250
320,256
320,257
320,262
320,266
320,275
320,290
320,292
320,295
320,299
320,304
320,311
320,319
320,320
320,331
320,337
320,345
320,346
320,347
320,352
320,354
320,360
320,367
320,370
320,372
320,375
320,376
320,380
320,381
320,382
320,391
320,392
320,395
320,400
320,401
320,403
320,405
320,406
320,407
320,408
320,409
320,411
320,414
320,415
320,416
320,417
320,418
320,419
320,420
320,421
320,422
320,423
320,424
320,425
320,426
320,427
320,430
321,169
321,170
321,171
321,172
321,173
321,174
321,175
321,177
321,178
321,179
321,182
321,184
321,186
321,187
321,188
321,189
321,195
321,196
321,197
321,198
321,202
321,205
321,206
321,207
321,209
321,210
321,211
321,212
321,215
321,219
321,221
321,229
321,232
321,234
321,238
321,246
321,253
321,256
321,263
321,267
321,272
321,277
321,278
321,284
321,289
321,293
321,303
321,310
321,316
321,321
321,322
321,328
321,330
321,332
321,345
321,348
321,349
321,353
321,356
321,368
321,369
321,374
321,377
321,381
321,387
321,388
321,390
321,394
321,395
321,398
321,399
321,400
321,407
321,408
321,410
321,411
321,412
321,414
321,415
321,416
321,418
321,419
321,420
321,421
321,422
321,423
321,425
321,426
321,427
321,428
321,429
322,170
322,171
322,172
322,173
322,175
322,176
322,177
322,178
322,179
322,180
322,181
322,182
322,183
322,185
322,187
322,190
322,192
322,194
322,195
322,196
322,197
322,200
322,201
322,202
322,203
322,204
322,206
322,212
322,215
322,220
322,223
322,226
322,228
322,232
322,235
322,239
322,243
322,247
322,258
322,259
322,260
322,261
322,263
322,264
322,266
322,267
322,268
322,272
322,273
322,275
322,277
322,282
322,293
322,295
322,297
322,302
322,303
322,304
322,305
322,306
322,308
322,314
322,316
322,318
322,322
322,324
322,329
322,332
322,348
322,365
322,374
322,377
322,378
322,379
322,381
322,384
322,385
322,387
322,389
322,390
322,392
322,395
322,397
322,399
322,400
322,403
322,404
322,405
322,406
322,407
322,408
322,412
322,413
322,416
322,417
322,419
322,421
322,423
323,164
323,171
323,172
323,173
323,174
323,176
323,177
323,178
323,179
323,180
323,181
323,182
323,183
323,185
323,186
323,189
323,191
323,192
323,194
323,195
323,196
323,199
323,201
323,204
323,205
323,206
323,207
323,212
323,214
323,216
323,217
323,218
323,219
323,222
323,225
323,231
323,233
323,240
323,244
323,254
323,255
323,265
323,266
323,271
323,283
323,284
323,298
323,299
323,301
323,302
323,308
323,322
323,326
323,329
323,337
323,341
323,345
323,347
323,354
323,365
323,368
323,370
323,373
323,374
323,375
323,377
323,378
323,384
323,386
323,387
323,389
323,391
323,392
323,393
323,396
323,398
323,399
323,400
323,401
323,402
323,403
323,405
323,407
323,408
323,409
323,410
323,411
323,413
323,414
323,416
323,417
323,418
323,419
323,420
323,421
324,162
324,163
324,164
324,165
324,166
324,167
324,168
324,169
324,171
324,173
324,174
324,175
324,176
324,177
324,178
324,181
324,182
324,183
324,185
324,189
324,194
324,195
324,196
324,197
324,200
324,201
324,202
324,205
324,206
324,207
324,209
324,211
324,215
324,218
324,224
324,230
324,238
324,244
324,249
324,250
324,253
324,259
324,268
324,271
324,273
324,276
324,281
324,283
324,288
324,290
324,291
324,292
324,310
324,319
324,329
324,335
324,336
324,340
324,353
324,357
324,359
324,364
324,371
324,372
324,375
324,381
324,392
324,394
324,395
324,396
324,397
324,398
324,399
324,401
324,403
324,405
324,406
324,407
324,409
324,410
324,411
324,412
324,416
324,418
324,419
324,420
324,421
324,429
325,163
325,164
325,166
325,167
325,168
325,173
325,174
325,175
325,176
325,177
325,178
325,179
325,180
325,182
325,183
325,184
325,185
325,192
325,193
325,194
325,195
325,196
325,197
325,200
325,201
325,203
325,209
325,210
325,212
325,215
325,216
325,218
325,219
325,223
325,229
325,231
325,233
325,247
325,248
325,251
325,255
325,262
325,267
325,269
325,277
325,279
325,290
325,298
325,299
325,306
325,310
325,324
325,331
325,335
325,341
325,346
325,349
325,358
325,370
325,371
325,376
325,377
325,378
325,379
325,381
325,382
325,385
325,389
325,391
325,392
325,393
325,396
325,398
325,401
325,403
325,407
325,408
325,410
325,411
325,413
325,418
325,420
325,421
325,423
325,424
325,425
325,431
326,170
326,172
326,173
326,174
326,176
326,179
326,180
326,181
326,182
326,183
326,184
326,185
326,186
326,188
326,192
326,193
326,195
326,196
326,197
326,199
326,200
326,201
326,204
326,206
326,215
326,221
326,222
326,230
326,234
326,240
326,241
326,244
326,255
326,256
326,261
326,262
326,263
326,267
326,282
326,294
326,303
326,305
326,306
326,313
326,314
326,320
326,321
326,340
326,344
326,347
326,364
326,371
326,372
326,378
326,379
326,382
326,384
326,385
326,387
326,391
326,400
326,401
326,402
326,404
326,405
326,406
326,407
326,408
326,411
326,412
326,413
326,416
326,418
326,419
326,422
326,423
326,425
326,426
326,427
326,428
326,429
326,430
326,432
326,434
326,435
326,436
326,437
327,168
327,173
327,174
327,175
327,176
327,177
327,178
327,179
327,180
327,182
327,183
327,184
327,185
327,186
327,192
327,193
327,194
327,195
327,198
327,199
327,201
327,202
327,203
327,204
327,206
327,220
327,222
327,230
327,231
327,235
327,237
327,238
327,242
327,248
327,253
327,257
327,260
327,264
327,270
327,274
327,278
327,284
327,309
327,314
327,323
327,326
327,328
327,329
327,330
327,334
327,341
327,347
327,353
327,356
327,359
327,364
327,365
327,367
327,369
327,371
327,373
327,377
327,378
327,381
327,384
327,390
327,392
327,396
327,397
327,401
327,404
327,405
327,408
327,409
327,411
327,412
327,413
327,414
327,415
327,416
327,417
327,418
327,419
327,420
327,421
327,422
327,423
327,424
327,425
327,426
327,427
327,429
327,430
327,432
327,433
327,434
327,435
327,436
328,167
328,168
328,174
328,175
328,176
328,177
328,178
328,181
328,191
328,193
328,195
328,196
328,197
328,199
328,201
328,202
328,213
328,218
328,219
328,220
328,225
328,227
328,230
328,232
328,245
328,252
328,258
328,259
328,263
328,269
328,273
328,275
328,276
328,278
328,281
328,301
328,304
328,313
328,316
328,321
328,324
328,328
328,329
328,331
328,334
328,339
328,340
328,343
328,344
328,345
328,346
328,353
328,354
328,359
328,360
328,363
328,368
328,371
328,377
328,380
328,381
328,387
328,393
328,394
328,396
328,397
328,398
328,400
328,401
328,406
328,407
328,408
328,409
328,410
328,411
328,412
328,413
328,414
328,415
328,416
328,417
328,418
328,419
328,420
328,421
328,423
328,424
328,425
328,426
328,427
328,428
328,429
328,430
328,432
328,434
328,435
328,436
328,437
328,438
329,174
329,175
329,176
329,177
329,178
329,179
329,190
329,191
329,192
329,193
329,195
329,196
329,203
329,208
329,212
329,216
329,223
329,227
329,230
329,236
329,239
329,241
329,243
329,247
329,250
329,252
329,254
329,264
329,265
329,267
329,272
329,273
329,275
329,280
329,282
329,295
329,309
329,310
329,312
329,321
329,322
329,333
329,338
329,342
329,346
329,347
329,348
329,354
329,355
329,357
329,364
329,368
329,373
329,374
329,376
329,378
329,382
329,385
329,386
329,388
329,391
329,396
329,397
329,398
329,399
329,400
329,401
329,402
329,403
329,405
329,409
329,410
329,413
329,415
329,417
329,418
329,419
329,421
329,422
329,425
329,426
329,428
329,429
329,430
329,431
329,433
329,434
329,435
329,436
329,437
329,438
330,177
330,189
330,190
330,191
330,192
330,193
330,194
330,196
330,198
330,206
330,207
330,208
330,210
330,220
330,222
330,224
330,225
330,228
330,229
330,231
330,234
330,237
330,241
330,242
330,246
330,253
330,257
330,266
330,268
330,271
330,274
330,283
330,284
330,287
330,290
330,295
330,297
330,298
330,301
330,308
330,310
330,317
330,326
330,327
330,330
330,333
330,334
330,336
330,338
330,339
330,340
330,343
330,346
330,360
330,361
330,362
330,364
330,375
330,377
330,378
330,379
330,382
330,385
330,386
330,393
330,394
330,395
330,399
330,401
330,402
330,403
330,404
330,406
330,407
330,410
330,411
330,413
330,415
330,417
330,418
330,419
330,420
330,421
330,422
330,425
330,427
330,428
330,430
330,431
330,432
330,433
330,434
330,436
330,437
330,438
331,189
331,190
331,191
331,192
331,193
331,194
331,195
331,196
331,201
331,204
331,210
331,214
331,223
331,224
331,227
331,230
331,232
331,233
331,238
331,239
331,243
331,244
331,245
331,250
331,251
331,252
331,258
331,262
331,264
331,266
331,276
331,279
331,286
331,298
331,314
331,318
331,321
331,323
331,326
331,327
331,330
331,331
331,334
331,346
331,352
331,355
331,363
331,365
331,368
331,373
331,379
331,381
331,385
331,388
331,392
331,393
331,394
331,399
331,401
331,403
331,404
331,405
331,406
331,407
331,408
331,409
331,412
331,413
331,416
331,417
331,418
331,419
331,420
331,421
331,423
331,424
331,425
331,426
331,427
331,428
331,429
331,430
331,431
331,433
331,434
331,435
331,436
331,437
332,187
332,188
332,191
332,192
332,193
332,195
332,197
332,201
332,205
332,214
332,219
332,220
332,222
332,223
332,229
332,230
332,232
332,238
332,239
332,242
332,243
332,247
332,250
332,253
332,255
332,256
332,262
332,263
332,269
332,278
332,282
332,291
332,298
332,299
332,301
332,323
332,328
332,331
332,332
332,336
332,338
332,339
332,341
332,344
332,345
332,346
332,355
332,358
332,361
332,365
332,372
332,373
332,381
332,383
332,388
332,390
332,391
332,392
332,393
332,395
332,399
332,403
332,404
332,405
332,407
332,412
332,413
332,414
332,415
332,417
332,418
332,419
332,420
332,421
332,422
332,423
332,424
332,425
332,426
332,427
332,428
332,429
332,430
332,431
332,432
332,433
332,434
333,185
333,186
333,187
333,188
333,189
333,190
333,191
333,192
333,201
333,204
333,207
333,209
333,212
333,216
333,219
333,222
333,225
333,228
333,232
333,233
333,235
333,236
333,238
333,239
333,243
333,248
333,250
333,256
333,257
333,266
333,270
333,271
333,272
333,280
333,282
333,286
333,295
333,299
333,303
333,305
333,316
333,326
333,331
333,333
333,334
333,335
333,336
333,340
333,342
333,345
333,347
333,349
333,353
333,355
333,366
333,383
333,386
333,387
333,388
333,391
333,392
333,393
333,394
333,395
333,396
333,399
333,400
333,401
333,408
333,410
333,411
333,412
333,413
333,415
333,417
333,418
333,420
333,422
333,424
333,425
333,426
333,428
333,429
333,430
333,431
333,432
334,184
334,185
334,186
334,187
334,189
334,190
334,191
334,193
334,200
334,210
334,213
334,220
334,227
334,228
334,230
334,232
334,233
334,234
334,235
334,247
334,248
334,249
334,251
334,252
334,254
334,256
334,259
334,272
334,279
334,283
334,295
334,297
334,298
334,305
334,307
334,311
334,319
334,321
334,328
334,329
334,334
334,338
334,340
334,346
334,347
334,349
334,352
334,355
334,361
334,372
334,374
334,377
334,379
334,380
334,381
334,384
334,385
334,389
334,390
334,391
334,392
334,394
334,395
334,396
334,406
334,408
334,409
334,410
334,417
334,418
334,419
334,420
334,421
334,422
334,423
334,424
334,425
334,426
334,427
334,428
334,429
334,430
334,431
335,187
335,188
335,189
335,196
335,197
335,198
335,200
335,218
335,222
335,223
335,224
335,229
335,230
335,234
335,235
335,237
335,240
335,241
335,242
335,244
335,245
335,246
335,249
335,250
335,251
335,254
335,256
335,259
335,263
335,264
335,271
335,281
335,282
335,285
335,298
335,303
335,307
335,313
335,315
335,318
335,320
335,326
335,334
335,337
335,340
335,344
335,345
335,350
335,359
335,362
335,370
335,372
335,373
335,374
335,377
335,380
335,381
335,384
335,386
335,397
335,399
335,401
335,402
335,403
335,405
335,406
335,407
335,408
335,409
335,410
335,411
335,412
335,414
335,416
335,417
335,419
335,420
335,421
335,422
335,423
335,424
335,425
335,426
335,427
335,428
336,194
336,196
336,197
336,198
336,199
336,200
336,201
336,207
336,208
336,210
336,211
336,212
336,213
336,214
336,215
336,216
336,217
336,221
336,222
336,225
336,228
336,233
336,234
336,238
336,243
336,244
336,246
336,254
336,256
336,262
336,264
336,267
336,269
336,270
336,272
336,273
336,276
336,282
336,286
336,290
336,298
336,305
336,306
336,310
336,329
336,330
336,335
336,341
336,348
336,350
336,351
336,352
336,354
336,357
336,359
336,362
336,363
336,364
336,365
336,367
336,377
336,383
336,390
336,393
336,394
336,395
336,396
336,401
336,402
336,403
336,404
336,405
336,406
336,409
336,410
336,411
336,412
336,413
336,414
336,415
336,416
336,417
336,419
336,420
336,421
336,422
336,423
336,424
336,425
336,426
336,427
336,428
337,190
337,191
337,192
337,193
337,194
337,195
337,196
337,198
337,199
337,206
337,207
337,208
337,209
337,210
337,211
337,212
337,213
337,215
337,216
337,217
337,219
337,220
337,224
337,226
337,233
337,238
337,240
337,241
337,243
337,245
337,247
337,251
337,253
337,254
337,261
337,263
337,276
337,301
337,302
337,304
337,307
337,311
337,319
337,321
337,323
337,325
337,326
337,331
337,336
337,338
337,340
337,345
337,348
337,350
337,354
337,355
337,360
337,363
337,366
337,368
337,370
337,374
337,375
337,376
337,378
337,379
337,382
337,384
337,385
337,386
337,387
337,389
337,391
337,392
337,394
337,396
337,398
337,399
337,400
337,404
337,405
337,406
337,407
337,409
337,410
337,412
337,416
337,417
337,418
337,419
337,420
337,421
337,423
337,424
337,425
337,426
338,187
338,188
338,189
338,191
338,192
338,193
338,194
338,195
338,196
338,197
338,198
338,199
338,205
338,208
338,209
338,210
338,211
338,212
338,213
338,215
338,217
338,219
338,220
338,222
338,223
338,227
338,229
338,232
338,233
338,234
338,235
338,238
338,239
338,241
338,242
338,244
338,246
338,248
338,249
338,254
338,256
338,257
338,258
338,262
338,263
338,275
338,281
338,285
338,292
338,297
338,298
338,301
338,307
338,311
338,333
338,343
338,348
338,351
338,359
338,360
338,367
338,368
338,371
338,373
338,374
338,378
338,384
338,387
338,388
338,389
338,390
338,391
338,392
338,393
338,395
338,396
338,398
338,400
338,401
338,402
338,403
338,404
338,405
338,406
338,407
338,408
338,410
338,412
338,413
338,415
338,416
338,417
338,418
338,419
338,420
338,421
338,424
339,189
339,190
339,191
339,192
339,194
339,195
339,196
339,197
339,198
339,202
339,205
339,211
339,212
339,213
339,215
339,216
339,219
339,221
339,225
339,228
339,229
339,231
339,233
339,236
339,238
339,241
339,243
339,247
339,249
339,252
339,255
339,258
339,260
339,262
339,267
339,271
339,283
339,284
339,286
339,300
339,302
339,304
339,326
339,328
339,329
339,336
339,340
339,344
339,347
339,349
339,352
339,354
339,361
339,363
339,364
339,365
339,368
339,370
339,371
339,373
339,378
339,379
339,380
339,381
339,384
339,385
339,386
339,387
339,388
339,389
339,390
339,391
339,392
339,393
339,397
339,398
339,399
339,400
339,402
339,404
339,405
339,407
339,408
339,409
339,410
339,411
339,412
339,413
339,414
339,415
339,416
339,417
339,418
339,419
339,421
340,190
340,192
340,194
340,196
340,197
340,206
340,211
340,216
340,217
340,218
340,219
340,223
340,224
340,228
340,229
340,230
340,231
340,232
340,240
340,245
340,247
340,251
340,258
340,263
340,264
340,265
340,270
340,272
340,277
340,282
340,283
340,291
340,293
340,304
340,310
340,315
340,321
340,330
340,333
340,339
340,340
340,345
340,346
340,347
340,348
340,349
340,350
340,356
340,358
340,362
340,366
340,372
340,374
340,380
340,381
340,383
340,385
340,386
340,387
340,388
340,390
340,394
340,395
340,397
340,398
340,399
340,402
340,403
340,404
340,405
340,406
340,407
340,408
340,410
340,411
340,412
340,415
340,416
340,417
340,418
340,419
340,420
341,193
341,194
341,195
341,196
341,208
341,214
341,216
341,223
341,225
341,227
341,228
341,230
341,231
341,233
341,236
341,238
341,245
341,248
341,250
341,253
341,261
341,263
341,272
341,274
341,288
341,296
341,308
341,314
341,324
341,326
341,327
341,334
341,343
341,344
341,346
341,347
341,349
341,352
341,353
341,355
341,356
341,357
341,364
341,367
341,369
341,380
341,381
341,383
341,386
341,387
341,389
341,390
341,391
341,393
341,395
341,398
341,399
341,401
341,402
341,405
341,408
341,409
341,410
341,411
341,412
341,413
341,414
341,415
341,416
341,417
341,418
341,419
342,221
342,223
342,224
342,226
342,228
342,232
342,233
342,236
342,240
342,242
342,247
342,251
342,257
342,259
342,262
342,263
342,266
342,284
342,301
342,328
342,329
342,331
342,336
342,339
342,340
342,343
342,349
342,350
342,351
342,353
342,354
342,355
342,356
342,357
342,358
342,363
342,366
342,367
342,368
342,369
342,370
342,371
342,374
342,379
342,380
342,382
342,384
342,387
342,388
342,389
342,393
342,395
342,396
342,397
342,398
342,399
342,407
342,410
342,411
342,414
342,415
342,416
342,417
342,418
342,419
342,420
342,421
343,205
343,206
343,207
343,209
343,215
343,220
343,221
343,222
343,224
343,225
343,226
343,228
343,229
343,231
343,233
343,241
343,242
343,244
343,249
343,250
343,255
343,282
343,285
343,290
343,296
343,298
343,306
343,308
343,309
343,325
343,328
343,329
343,333
343,341
343,342
343,347
343,349
343,353
343,354
343,356
343,360
343,361
343,363
343,364
343,365
343,366
343,367
343,368
343,371
343,379
343,381
343,385
343,386
343,388
343,389
343,390
343,391
343,392
343,393
343,395
343,396
343,397
343,398
343,399
343,400
343,402
343,403
343,404
343,408
343,413
343,415
343,416
343,417
343,418
343,419
343,420
343,422
344,203
344,205
344,207
344,215
344,216
344,217
344,218
344,220
344,221
344,222
344,223
344,224
344,226
344,227
344,229
344,233
344,239
344,240
344,242
344,244
344,248
344,249
344,251
344,252
344,255
344,256
344,257
344,280
344,286
344,287
344,288
344,295
344,297
344,298
344,299
344,303
344,305
344,309
344,322
344,328
344,329
344,331
344,335
344,341
344,348
344,351
344,353
344,355
344,358
344,367
344,368
344,370
344,371
344,372
344,377
344,379
344,380
344,383
344,384
344,385
344,386
344,387
344,388
344,389
344,390
344,391
344,392
344,394
344,398
344,400
344,402
344,413
344,414
344,416
344,417
344,418
344,419
344,420
345,207
345,212
345,216
345,218
345,219
345,220
345,221
345,222
345,224
345,225
345,229
345,240
345,241
345,244
345,248
345,249
345,250
345,251
345,255
345,257
345,290
345,291
345,294
345,295
345,302
345,304
345,305
345,308
345,325
345,329
345,331
345,332
345,336
345,338
345,343
345,349
345,353
345,354
345,357
345,360
345,362
345,363
345,365
345,369
345,372
345,375
345,381
345,383
345,386
345,387
345,389
345,390
345,391
345,393
345,394
345,396
345,397
345,398
345,399
345,400
345,401
345,402
345,403
345,404
345,406
345,407
345,408
345,409
345,410
345,411
345,414
345,415
345,416
345,417
345,418
346,219
346,220
346,221
346,222
346,225
346,228
346,229
346,230
346,239
346,241
346,243
346,244
346,246
346,247
346,248
346,249
346,250
346,251
346,253
346,254
346,255
346,256
346,257
346,258
346,259
346,260
346,275
346,282
346,284
346,289
346,291
346,294
346,295
346,305
346,324
346,330
346,331
346,334
346,335
346,337
346,338
346,340
346,343
346,344
346,346
346,347
346,351
346,353
346,354
346,355
346,358
346,359
346,360
346,363
346,365
346,367
346,372
346,373
346,376
346,382
346,383
346,384
346,386
346,387
346,388
346,390
346,391
346,392
346,393
346,394
346,395
346,396
346,397
346,398
346,399
346,400
346,401
346,402
346,403
346,404
346,405
346,406
346,407
346,408
346,409
346,410
346,411
346,412
346,413
346,414
346,415
347,199
347,219
347,220
347,222
347,223
347,224
347,226
347,227
347,228
347,229
347,233
347,235
347,241
347,242
347,243
347,245
347,247
347,248
347,251
347,252
347,258
347,259
347,279
347,289
347,297
347,298
347,299
347,302
347,306
347,309
347,310
347,319
347,322
347,328
347,332
347,340
347,341
347,342
347,349
347,351
347,352
347,357
347,358
347,361
347,364
347,365
347,367
347,368
347,371
347,372
347,374
347,377
347,380
347,389
347,390
347,391
347,392
347,393
347,394
347,396
347,398
347,400
347,402
347,403
347,404
347,405
347,406
347,407
347,408
347,409
347,410
347,411
347,412
347,413
347,414
347,415
348,217
348,219
348,220
348,222
348,223
348,224
348,230
348,234
348,238
348,239
348,242
348,248
348,254
348,255
348,260
348,276
348,282
348,283
348,290
348,296
348,299
348,301
348,303
348,304
348,305
348,306
348,307
348,308
348,329
348,332
348,334
348,336
348,339
348,340
348,349
348,351
348,357
348,358
348,359
348,361
348,365
348,367
348,368
348,369
348,370
348,373
348,374
348,383
348,384
348,392
348,393
348,394
348,395
348,396
348,397
348,399
348,400
348,401
348,402
348,403
348,404
348,405
348,406
348,407
348,408
348,409
348,410
348,411
348,412
348,413
349,217
349,219
349,228
349,237
349,242
349,244
349,245
349,247
349,248
349,250
349,251
349,252
349,254
349,256
349,257
349,259
349,260
349,278
349,281
349,290
349,296
349,297
349,298
349,300
349,303
349,304
349,307
349,310
349,311
349,320
349,327
349,341
349,348
349,349
349,350
349,351
349,352
349,354
349,355
349,358
349,361
349,362
349,363
349,365
349,367
349,369
349,372
349,373
349,375
349,390
349,391
349,393
349,395
349,396
349,397
349,398
349,399
349,400
349,401
349,403
349,404
349,405
349,406
349,407
349,408
349,409
349,411
349,412
349,413
350,212
350,217
350,230
350,232
350,234
350,240
350,248
350,252
350,258
350,290
350,294
350,297
350,298
350,299
350,300
350,304
350,306
350,307
350,311
350,312
350,319
350,330
350,333
350,334
350,337
350,339
350,340
350,343
350,347
350,349
350,352
350,353
350,355
350,358
350,361
350,363
350,364
350,366
350,367
350,368
350,369
350,370
350,371
350,372
350,381
350,392
350,394
350,396
350,397
350,398
350,400
350,401
350,402
350,404
350,405
350,406
350,407
350,408
350,409
351,213
351,241
351,246
351,247
351,252
351,253
351,254
351,277
351,280
351,285
351,289
351,290
351,291
351,300
351,301
351,302
351,303
351,311
351,329
351,331
351,332
351,334
351,341
351,342
351,346
351,356
351,358
351,359
351,361
351,362
351,363
351,364
351,365
351,366
351,367
351,369
351,373
351,374
351,376
351,393
351,394
351,395
351,396
351,397
351,398
351,399
351,400
351,401
351,404
351,405
351,406
351,408
352,229
352,233
352,241
352,243
352,246
352,247
352,252
352,254
352,255
352,256
352,280
352,283
352,292
352,293
352,294
352,295
352,296
352,301
352,304
352,310
352,330
352,335
352,343
352,344
352,349
352,353
352,354
352,358
352,360
352,361
352,363
352,365
352,366
352,367
352,368
352,369
352,373
352,374
352,376
352,377
352,394
352,396
352,397
352,398
352,399
352,401
352,402
352,404
352,405
352,406
353,232
353,249
353,250
353,251
353,253
353,254
353,272
353,291
353,293
353,294
353,296
353,298
353,300
353,305
353,307
353,308
353,309
353,330
353,334
353,336
353,339
353,340
353,342
353,353
353,355
353,356
353,357
353,360
353,362
353,366
353,367
353,368
353,369
353,370
353,371
353,372
353,374
353,375
353,377
353,396
353,397
353,398
353,399
353,400
353,401
353,402
353,403
353,405
353,406
354,231
354,236
354,240
354,243
354,244
354,246
354,249
354,251
354,252
354,253
354,255
354,293
354,294
354,296
354,298
354,299
354,300
354,305
354,306
354,310
354,327
354,330
354,331
354,332
354,333
354,337
354,338
354,339
354,340
354,341
354,349
354,351
354,355
354,357
354,358
354,359
354,361
354,362
354,363
354,365
354,369
354,372
354,375
354,377
354,397
354,398
354,399
354,400
354,401
354,402
354,403
355,240
355,247
355,249
355,250
355,251
355,252
355,290
355,292
355,294
355,296
355,297
355,298
355,299
355,303
355,304
355,309
355,310
355,311
355,332
355,333
355,334
355,336
355,340
355,341
355,342
355,348
355,355
355,356
355,361
355,362
355,365
355,368
355,370
355,374
355,375
355,378
355,388
355,399
355,402
355,403
355,404
355,405
356,229
356,230
356,244
356,245
356,247
356,248
356,249
356,250
356,252
356,290
356,291
356,292
356,296
356,297
356,298
356,300
356,301
356,303
356,305
356,306
356,308
356,309
356,311
356,321
356,328
356,330
356,332
356,333
356,334
356,341
356,343
356,360
356,362
356,363
356,364
356,366
356,367
356,368
356,369
356,371
356,373
356,375
356,377
356,379
356,380
357,225
357,234
357,238
357,245
357,249
357,251
357,252
357,291
357,293
357,296
357,297
357,298
357,306
357,308
357,310
357,311
357,312
357,324
357,335
357,336
357,337
357,341
357,358
357,360
357,361
357,362
357,363
357,370
357,371
357,372
357,373
357,374
357,375
357,376
357,377
357,379
357,380
358,237
358,240
358,242
358,245
358,246
358,247
358,248
358,249
358,251
358,252
358,289
358,291
358,294
358,300
358,308
358,315
358,318
358,334
358,340
358,342
358,343
358,344
358,345
358,349
358,356
358,359
358,360
358,362
358,363
358,364
358,366
358,367
358,372
358,373
358,374
358,378
358,379
358,381
359,229
359,236
359,238
359,242
359,246
359,247
359,249
359,250
359,251
359,252
359,253
359,269
359,272
359,290
359,291
359,294
359,297
359,300
359,302
359,306
359,307
359,308
359,309
359,322
359,343
359,344
359,346
359,347
359,359
359,360
359,362
359,363
359,365
359,368
359,370
359,371
359,372
359,373
359,374
359,375
359,377
359,378
359,379
360,245
360,246
360,247
360,289
360,290
360,291
360,294
360,295
360,298
360,299
360,300
360,302
360,308
360,309
360,310
360,327
360,328
360,336
360,337
360,343
360,347
360,349
360,350
360,357
360,359
360,360
360,363
360,364
360,366
360,368
360,370
360,371
360,372
360,373
360,374
360,376
360,379
361,240
361,244
361,247
361,295
361,296
361,298
361,299
361,303
361,304
361,309
361,319
361,322
361,341
361,342
361,350
361,359
361,361
361,363
361,364
361,366
361,367
361,368
361,369
361,370
361,373
361,374
361,375
361,376
361,377
361,378
361,380
362,235
362,237
362,291
362,293
362,294
362,295
362,296
362,300
362,301
362,303
362,306
362,308
362,310
362,323
362,332
362,339
362,341
362,342
362,344
362,346
362,347
362,353
362,360
362,361
362,363
362,364
362,368
362,369
362,371
362,373
362,374
362,375
362,376
362,377
362,378
362,379
362,381
363,234
363,238
363,291
363,293
363,295
363,297
363,300
363,309
363,311
363,312
363,313
363,332
363,337
363,338
363,344
363,349
363,362
363,364
363,365
363,366
363,368
363,371
363,372
363,373
363,375
363,376
363,377
363,379
363,380
363,381
364,281
364,292
364,294
364,295
364,299
364,301
364,304
364,305
364,307
364,309
364,312
364,339
364,344
364,346
364,349
364,362
364,363
364,364
364,365
364,368
364,369
364,370
364,371
364,372
364,375
364,376
364,377
364,378
364,379
364,380
364,381
365,294
365,295
365,297
365,298
365,299
365,301
365,302
365,308
365,311
365,313
365,332
365,337
365,345
365,349
365,350
365,354
365,361
365,363
365,364
365,365
365,366
365,367
365,368
365,369
365,370
365,371
365,372
365,374
365,375
365,376
365,377
365,378
365,379
365,380
365,381
365,382
366,276
366,289
366,295
366,299
366,303
366,307
366,309
366,314
366,350
366,353
366,364
366,365
366,366
366,368
366,369
366,370
366,372
366,374
366,375
366,376
366,377
366,378
366,379
366,380
366,381
366,382
367,296
367,297
367,299
367,302
367,304
367,307
367,308
367,310
367,311
367,313
367,314
367,344
367,346
367,349
367,366
367,367
367,368
367,369
367,370
367,378
367,379
368,295
368,297
368,298
368,300
368,301
368,303
368,304
368,309
368,312
368,314
368,344
368,347
368,354
368,360
368,363
368,364
368,366
368,367
368,368
368,369
368,370
369,296
369,297
369,299
369,302
369,303
369,305
369,307
369,308
369,312
369,313
369,314
369,324
369,338
369,341
369,342
369,344
369,359
369,360
369,364
369,367
369,368
369,369
369,370
369,371
369,372
370,297
370,298
370,301
370,302
370,305
370,307
370,308
370,309
370,310
370,311
370,314
370,345
370,346
370,347
370,348
370,369
371,298
371,300
371,302
371,304
371,306
371,307
371,308
371,311
371,312
371,313
371,314
371,366
371,368
372,283
372,297
372,298
372,299
372,301
372,302
372,306
372,308
372,309
372,310
372,311
372,327
372,337
372,368
373,297
373,299
373,301
373,307
373,308
373,309
373,310
373,313
373,314
373,328
374,297
374,298
374,299
374,300
374,302
374,303
374,305
374,306
374,308
374,309
374,310
374,311
374,312
374,313
374,314
375,298
375,301
375,302
375,303
375,304
375,305
375,306
375,307
375,308
375,310
375,313
375,325
375,326
375,338
376,287
376,301
376,302
376,305
376,307
376,308
376,309
376,311
376,312
376,313
376,329
376,351
377,300
377,301
377,302
377,303
377,304
377,306
377,307
377,308
377,309
377,310
377,311
377,312
377,314
377,342
378,300
378,301
378,302
378,304
378,306
378,307
378,308
378,309
378,311
378,312
379,300
379,302
379,303
379,305
379,306
379,307
379,308
379,310
379,311
379,312
379,313
379,314
379,325
379,331
379,339
379,348
379,349
380,299
380,300
380,301
380,302
380,303
380,304
380,305
380,306
380,307
380,308
380,309
380,310
380,311
380,313
380,314
380,339
380,349
381,298
381,300
381,301
381,302
381,303
381,305
381,306
381,307
381,308
381,309
381,310
381,311
381,312
381,314
381,315
381,316
381,322
381,327
381,328
381,334
381,349
381,350
382,298
382,300
382,301
382,303
382,305
382,306
382,307
382,308
382,309
382,310
382,311
382,312
382,314
382,315
382,316
382,327
382,328
383,300
383,302
383,303
383,304
383,305
383,306
383,307
383,308
383,309
383,310
383,311
383,312
383,313
383,314
383,315
383,316
383,317
383,326
383,327
383,328
384,299
384,300
384,301
384,302
384,303
384,304
384,306
384,307
384,308
384,309
384,310
384,311
384,312
384,313
384,314
384,315
384,316
384,317
384,326
384,327
385,294
385,295
385,296
385,297
385,298
385,299
385,300
385,301
385,303
385,304
385,306
385,308
385,310
385,312
385,313
385,314
385,315
385,316
385,327
385,328
386,298
386,299
386,300
386,301
386,302
386,303
386,304
386,305
386,306
386,311
386,312
387,300
387,302
387,303
387,304
387,305
387,306
