0,0
174,376
179,273
182,284
185,275
185,276
185,334
185,367
186,284
188,279
188,290
191,281
192,282
193,283
194,289
196,284
198,270
198,368
199,359
199,367
200,281
200,285
201,269
201,270
201,336
202,280
203,365
204,280
204,289
204,335
205,288
206,223
206,276
207,343
207,353
207,499
208,272
208,280
208,286
208,300
208,384
208,507
208,513
209,277
209,278
209,281
209,282
209,285
209,521
210,292
210,328
210,394
210,508
211,272
211,278
211,495
212,276
212,281
212,287
212,342
212,346
212,354
213,226
213,292
213,300
214,243
214,273
214,291
214,322
214,484
214,521
214,523
214,526
215,232
215,275
215,283
215,494
215,518
216,291
216,292
216,382
216,525
217,253
217,270
217,276
217,283
217,334
217,505
217,521
217,523
217,533
218,338
218,341
218,497
218,516
218,525
218,527
218,531
219,284
219,286
219,342
219,354
219,481
220,194
220,380
220,471
220,480
220,523
220,536
221,282
221,287
222,270
222,275
222,289
222,298
222,493
222,508
222,517
223,287
223,475
223,493
223,511
223,536
224,281
224,388
224,447
224,472
224,497
225,277
225,283
225,441
225,463
225,471
225,474
225,490
225,492
225,508
226,240
226,342
226,401
226,459
226,468
226,476
227,246
227,470
227,498
228,267
228,269
228,329
228,466
228,503
229,288
229,347
229,463
229,464
229,467
229,473
229,479
229,498
229,501
230,406
230,474
230,477
230,484
231,292
231,295
231,329
231,475
231,495
231,497
232,191
232,228
232,263
232,289
232,291
232,304
232,343
232,496
232,509
233,296
233,379
233,382
233,494
233,498
234,209
234,289
234,483
234,486
234,495
234,502
235,233
235,272
235,294
235,303
235,331
235,384
235,464
235,466
235,467
235,469
235,495
236,207
236,299
236,400
236,409
236,492
236,493
236,498
237,206
237,234
237,426
237,463
237,469
237,485
237,487
237,499
238,225
238,247
238,257
238,296
238,300
238,303
238,454
238,474
238,501
239,255
239,299
239,373
239,468
239,480
239,546
239,549
240,375
240,461
240,480
240,486
240,494
240,545
241,257
241,322
241,368
241,449
241,456
241,457
241,462
241,545
241,549
242,244
242,311
242,364
242,417
242,452
242,457
242,475
243,202
243,247
243,300
243,301
243,307
243,406
243,452
243,455
243,478
243,482
243,494
243,542
243,551
243,554
243,555
243,556
243,557
243,558
244,232
244,268
244,458
244,475
244,480
244,485
244,486
244,487
244,544
244,552
245,275
245,471
245,474
245,485
245,489
245,493
245,529
245,544
245,545
245,547
246,312
246,450
246,453
246,472
246,540
246,541
246,551
247,253
247,308
247,310
247,331
247,365
247,373
247,461
247,491
247,541
247,546
247,547
248,452
248,453
248,454
248,463
248,468
248,469
248,471
248,478
248,485
248,491
248,540
248,550
249,265
249,315
249,447
249,450
249,455
249,462
249,465
249,475
249,481
249,489
249,497
249,537
249,539
249,547
250,304
250,328
250,372
250,387
250,444
250,453
250,469
250,475
250,479
250,485
250,489
250,538
250,540
251,257
251,258
251,303
251,315
251,384
251,446
251,459
251,467
251,470
251,471
251,487
252,244
252,291
252,309
252,332
252,386
252,450
252,451
252,472
252,483
252,484
252,555
252,558
253,219
253,232
253,256
253,465
253,467
253,468
253,470
253,472
253,484
253,527
253,528
253,529
254,223
254,258
254,308
254,320
254,359
254,560
255,261
255,263
255,310
255,316
255,429
255,452
255,455
255,459
255,462
255,465
255,470
255,474
255,475
255,552
256,209
256,308
256,314
256,317
256,318
256,469
256,550
257,283
257,333
257,341
257,430
257,448
257,465
257,466
257,471
257,475
258,246
258,425
258,448
258,462
258,482
259,325
259,342
259,347
259,439
259,465
259,469
259,521
260,218
260,316
260,344
260,346
260,372
260,408
260,426
260,463
260,465
260,475
260,513
260,515
260,526
261,269
261,312
261,323
261,328
261,330
261,347
261,454
261,455
261,471
261,479
261,514
261,515
261,519
262,315
262,365
262,463
262,471
262,526
263,217
263,304
263,340
263,347
263,380
263,441
263,458
263,466
263,475
263,479
264,251
264,315
264,372
264,440
264,460
264,464
264,465
264,515
265,270
265,277
265,313
265,321
265,339
265,363
265,400
265,435
265,446
265,456
265,501
265,523
266,236
266,292
266,359
266,376
266,411
266,459
266,463
266,464
266,470
266,513
266,514
266,525
266,528
267,167
267,225
267,313
267,316
267,333
267,437
267,440
267,454
267,457
267,472
267,505
267,506
268,294
268,364
268,438
268,453
268,465
268,477
268,542
269,194
269,228
269,311
269,322
269,434
269,460
269,473
269,474
269,494
269,497
270,235
270,240
270,336
270,350
270,388
270,434
270,444
270,451
270,459
271,185
271,276
271,281
271,362
271,488
271,495
272,231
272,314
272,315
272,327
272,339
272,357
272,388
272,427
272,433
272,440
272,443
272,462
272,495
273,254
273,270
273,319
273,431
273,451
273,455
273,461
273,466
273,473
273,493
273,500
274,212
274,220
274,247
274,334
274,382
274,400
274,427
274,441
274,460
274,487
274,489
275,191
275,257
275,325
275,327
275,330
275,347
275,389
275,424
275,426
275,439
275,452
275,457
275,469
275,533
275,553
276,276
276,321
276,324
276,333
276,423
276,431
276,444
276,447
276,463
276,464
276,465
276,485
276,492
276,493
276,494
276,523
277,441
277,444
277,448
277,457
277,466
277,474
277,480
277,494
277,554
278,224
278,265
278,435
278,451
278,480
279,229
279,240
279,340
279,449
279,451
279,461
279,466
279,485
279,532
280,236
280,333
280,346
280,406
280,408
280,423
280,429
280,449
280,456
280,457
280,461
280,464
280,468
281,251
281,331
281,343
281,420
281,430
281,437
281,438
281,445
281,446
281,450
281,451
281,452
281,454
281,462
282,244
282,335
282,407
282,440
282,444
282,452
282,453
282,458
282,491
282,517
282,519
283,340
283,409
283,442
283,447
283,463
283,493
283,498
284,269
284,352
284,419
284,425
284,446
284,452
284,455
284,465
284,523
284,530
285,274
285,358
285,431
285,441
285,442
285,447
285,455
285,492
285,494
286,202
286,212
286,341
286,344
286,345
286,357
286,423
286,427
286,452
286,454
286,478
286,481
287,344
287,410
287,426
287,442
288,312
288,336
288,350
288,419
288,427
288,440
288,456
288,484
288,512
289,360
289,418
289,440
289,459
289,480
289,498
289,503
290,350
290,386
290,423
290,426
290,444
290,462
290,546
291,349
291,411
291,432
291,434
291,524
292,450
292,477
293,347
293,395
293,410
293,412
293,423
293,429
294,357
294,385
294,430
294,445
294,449
294,464
294,471
295,325
295,417
295,421
295,433
295,460
295,473
295,480
296,264
296,279
296,280
296,281
296,351
296,362
296,397
296,409
296,416
296,455
297,266
297,405
297,413
297,446
297,510
298,264
298,343
298,494
299,275
299,396
299,412
299,498
301,308
301,451
301,468
301,480
301,497
301,527
301,539
302,162
302,300
302,305
302,450
302,466
302,492
303,246
303,389
303,464
303,495
304,213
304,444
304,460
304,464
304,493
305,291
305,388
306,271
306,468
306,472
307,231
307,357
307,448
307,470
308,317
308,458
308,477
308,481
308,499
308,510
309,222
309,245
309,344
309,439
309,440
309,455
309,462
309,480
309,492
309,503
310,470
310,497
310,520
311,223
311,439
311,452
311,456
311,460
311,462
311,466
311,472
311,511
311,523
311,536
312,330
312,393
312,414
312,439
312,444
312,452
312,465
312,474
312,486
312,500
312,502
312,510
313,389
313,414
313,444
313,498
313,515
314,227
314,452
314,473
314,477
314,515
315,254
315,256
315,418
315,443
315,445
315,457
315,512
316,435
316,437
316,450
316,496
317,267
317,398
317,436
317,474
317,549
317,558
318,199
318,442
318,445
318,457
318,499
318,551
319,385
319,436
319,446
319,585
320,267
320,303
320,333
320,360
320,414
322,263
324,228
324,232
324,237
324,409
325,280
326,117
326,319
327,103
327,187
327,219
328,135
328,228
328,266
328,344
328,402
329,185
329,432
330,260
330,292
330,364
330,548
331,299
331,319
331,334
331,335
331,388
331,505
332,255
332,554
333,210
333,296
333,377
333,479
333,551
334,497
334,519
334,563
335,182
335,239
335,352
335,362
335,471
335,516
335,560
336,138
336,198
336,248
336,275
336,509
336,539
337,310
337,379
337,391
337,438
337,479
337,516
338,292
338,366
338,414
338,482
338,519
338,526
339,147
339,226
339,346
339,374
339,418
339,427
339,468
339,547
340,169
340,233
340,298
340,464
340,487
340,564
341,180
341,281
341,350
341,421
341,436
341,503
341,543
341,548
341,563
342,137
342,179
342,263
342,267
342,278
343,183
343,301
343,355
343,456
343,464
343,516
344,223
344,319
344,372
344,392
344,409
344,453
344,530
345,233
345,287
345,423
345,543
345,547
346,170
346,206
346,213
346,226
346,378
347,178
347,206
347,247
347,255
347,257
347,272
347,335
347,456
348,153
348,177
348,255
348,295
348,344
348,421
349,341
349,373
350,226
350,271
350,373
350,435
351,263
352,137
352,308
352,319
352,331
352,333
352,372
354,355
354,395
355,162
355,395
356,229
356,256
357,206
357,224
357,348
357,381
357,571
358,224
358,245
358,268
358,285
358,286
358,295
358,339
358,470
360,152
360,185
360,260
360,341
360,456
361,138
361,146
361,208
361,227
361,498
362,96
362,202
362,219
362,349
362,433
362,437
363,283
363,296
363,351
363,362
363,413
363,504
364,310
364,344
364,384
364,441
365,194
365,358
365,456
366,92
366,269
367,166
367,247
367,252
367,312
368,88
368,230
368,243
368,433
369,224
370,150
370,192
370,196
370,265
370,436
372,136
372,254
372,261
372,318
373,428
373,481
374,345
374,377
374,449
375,257
376,200
376,415
377,228
377,234
377,413
378,248
379,217
379,277
380,195
380,234
380,246
380,343
381,180
381,320
381,402
381,407
381,418
381,512
382,213
382,356
382,428
382,491
383,183
383,219
383,303
384,183
384,207
384,216
384,437
385,297
385,413
386,178
387,229
387,254
387,346
387,380
388,208
388,212
388,356
388,375
388,510
389,146
389,217
389,288
389,432
390,173
390,223
390,326
390,436
391,173
391,519
392,258
392,279
392,365
392,454
393,164
393,331
393,509
394,261
394,340
394,368
394,398
394,469
395,202
395,326
395,370
395,374
395,398
395,450
395,463
396,212
396,230
396,276
396,295
396,336
396,348
396,371
396,444
396,466
396,497
397,160
397,325
397,449
397,458
397,494
398,340
398,382
398,523
398,566
399,281
399,292
399,426
399,460
399,498
400,211
400,214
400,336
400,340
400,360
400,457
400,469
400,572
401,312
401,346
401,353
402,446
402,597
403,414
403,517
404,281
404,315
404,349
404,352
404,488
404,560
405,279
405,284
405,353
405,360
405,426
405,520
406,236
406,336
406,369
406,470
406,474
407,273
407,305
407,472
408,157
408,224
408,352
408,409
408,560
409,240
409,270
409,391
410,250
410,278
410,331
410,388
410,435
410,577
411,211
411,339
411,354
412,254
412,315
412,383
412,411
412,491
413,331
413,409
413,413
414,193
414,222
414,317
414,431
415,211
415,248
415,320
415,399
416,318
416,441
416,512
417,257
417,350
417,421
417,453
417,469
418,282
418,285
418,418
419,261
419,491
419,599
420,201
420,220
420,351
420,522
422,280
422,361
422,418
422,519
423,248
423,256
423,358
423,365
423,421
423,442
424,269
424,340
424,482
425,316
425,447
425,448
425,455
425,460
425,469
425,472
425,530
426,237
426,537
427,255
427,269
427,345
427,422
427,493
427,548
428,303
429,346
429,389
429,484
429,526
430,345
430,371
431,444
432,320
432,443
432,464
433,226
433,267
433,506
434,371
434,403
434,511
434,571
435,340
435,355
435,361
435,387
435,440
436,477
436,535
437,346
437,447
437,453
437,547
438,268
438,330
438,448
438,472
438,514
438,536
439,372
439,376
439,539
440,262
440,448
442,254
442,447
442,494
442,513
443,396
443,553
444,271
444,490
445,320
445,437
446,249
446,362
446,378
446,540
447,449
448,212
448,255
448,335
448,376
448,472
448,499
448,512
449,319
449,377
449,488
450,377
450,514
451,377
452,335
452,383
453,496
454,193
454,233
454,342
454,394
455,482
455,530
456,315
456,327
456,439
456,504
456,531
456,576
458,462
458,484
459,407
459,408
459,471
461,332
461,369
461,466
464,225
465,270
465,439
465,482
466,395
467,363
468,467
468,513
469,353
470,395
471,391
472,318
472,364
474,384
474,488
481,371
488,376
492,339
492,358
496,356
497,394
499,358
500,227
500,235
501,313
503,390
504,387
506,368
509,358
521,431
