0,0
211,314
211,315
211,317
211,318
211,319
211,321
211,327
211,328
212,310
212,313
212,315
212,316
212,317
212,318
212,319
212,320
212,321
212,322
212,323
212,326
212,327
212,328
212,334
212,335
213,314
213,315
213,316
213,317
213,318
213,319
213,320
213,321
213,322
213,323
213,324
213,326
213,333
213,334
213,335
213,336
214,305
214,307
214,308
214,314
214,315
214,316
214,317
214,318
214,320
214,321
214,322
214,323
214,324
214,326
214,332
214,333
214,334
214,335
214,336
214,337
215,304
215,307
215,308
215,316
215,317
215,318
215,319
215,320
215,321
215,322
215,323
215,324
215,325
215,326
215,327
215,332
215,333
215,334
215,335
215,336
215,337
215,338
216,307
216,308
216,318
216,319
216,320
216,321
216,322
216,323
216,324
216,325
216,326
216,327
216,329
216,330
216,331
216,332
216,333
216,334
216,335
216,336
216,337
217,278
217,307
217,308
217,309
217,310
217,311
217,313
217,315
217,317
217,318
217,319
217,320
217,321
217,322
217,323
217,325
217,326
217,327
217,328
217,329
217,330
217,331
217,332
217,333
217,334
217,335
217,336
217,337
218,261
218,262
218,278
218,302
218,305
218,307
218,308
218,309
218,311
218,312
218,313
218,317
218,318
218,320
218,322
218,323
218,324
218,325
218,326
218,327
218,328
218,329
218,330
218,331
218,332
218,333
218,336
219,275
219,276
219,305
219,310
219,311
219,312
219,313
219,317
219,318
219,320
219,321
219,322
219,323
219,324
219,325
219,327
219,328
219,332
219,333
219,334
219,335
219,336
219,337
220,261
220,288
220,311
220,313
220,316
220,318
220,319
220,320
220,322
220,328
220,330
220,331
220,333
220,335
220,336
220,337
220,340
221,260
221,261
221,262
221,279
221,311
221,312
221,313
221,315
221,316
221,318
221,319
221,320
221,321
221,323
221,324
221,325
221,327
221,328
221,329
221,330
221,331
221,332
221,333
221,334
221,335
221,336
221,337
222,260
222,261
222,262
222,274
222,280
222,285
222,286
222,288
222,311
222,312
222,315
222,316
222,321
222,322
222,323
222,325
222,327
222,328
222,330
222,332
222,333
222,334
222,335
223,260
223,271
223,272
223,281
223,282
223,284
223,285
223,288
223,306
223,311
223,312
223,315
223,316
223,320
223,322
223,323
223,324
223,325
223,327
223,331
223,332
223,334
223,335
223,336
223,340
223,342
223,343
224,250
224,274
224,312
224,313
224,314
224,315
224,317
224,319
224,320
224,321
224,322
224,323
224,324
224,325
224,326
224,327
224,328
224,329
224,330
224,331
224,332
224,334
225,258
225,282
225,308
225,309
225,313
225,314
225,316
225,317
225,318
225,319
225,320
225,321
225,323
225,325
225,326
225,328
225,329
225,330
225,332
225,343
225,348
225,354
226,238
226,239
226,240
226,241
226,242
226,250
226,256
226,266
226,278
226,290
226,312
226,313
226,314
226,316
226,317
226,318
226,321
226,322
226,323
226,325
226,327
226,328
226,332
226,333
226,344
226,353
227,235
227,237
227,238
227,239
227,240
227,241
227,242
227,250
227,284
227,285
227,313
227,314
227,317
227,318
227,321
227,322
227,323
227,324
227,325
227,326
227,327
227,328
227,330
227,331
227,332
227,333
227,334
227,356
228,233
228,234
228,235
228,236
228,237
228,238
228,239
228,240
228,241
228,242
228,247
228,262
228,279
228,314
228,316
228,317
228,318
228,320
228,323
228,327
228,329
228,331
228,332
228,333
228,334
228,350
229,235
229,236
229,237
229,238
229,239
229,240
229,241
229,242
229,243
229,251
229,253
229,260
229,282
229,285
229,309
229,312
229,313
229,314
229,319
229,320
229,321
229,322
229,323
229,325
229,328
229,329
229,330
229,350
229,354
229,355
229,356
230,234
230,235
230,236
230,237
230,238
230,240
230,241
230,243
230,245
230,249
230,251
230,256
230,257
230,258
230,264
230,278
230,280
230,316
230,317
230,319
230,320
230,322
230,325
230,330
230,331
230,332
230,341
230,348
230,358
231,232
231,233
231,234
231,235
231,236
231,237
231,238
231,240
231,241
231,242
231,243
231,244
231,245
231,246
231,250
231,252
231,280
231,282
231,302
231,308
231,311
231,314
231,315
231,316
231,318
231,319
231,320
231,322
231,325
231,326
231,327
231,329
231,330
231,331
231,332
231,340
231,342
231,343
231,350
231,362
231,368
232,239
232,243
232,246
232,254
232,255
232,263
232,266
232,274
232,293
232,299
232,300
232,311
232,315
232,317
232,318
232,319
232,321
232,323
232,324
232,325
232,327
232,329
232,330
232,331
232,349
233,230
233,246
233,252
233,255
233,259
233,263
233,275
233,279
233,308
233,317
233,318
233,319
233,321
233,323
233,324
233,326
233,327
233,328
233,341
233,350
233,353
233,354
233,360
233,363
233,364
233,368
234,246
234,249
234,250
234,251
234,253
234,254
234,265
234,283
234,308
234,309
234,312
234,315
234,323
234,324
234,338
234,339
234,352
234,356
234,357
234,367
235,224
235,225
235,237
235,246
235,247
235,252
235,253
235,254
235,262
235,268
235,292
235,299
235,300
235,309
235,312
235,316
235,324
235,325
235,337
235,348
235,351
235,354
235,356
235,360
236,223
236,224
236,225
236,232
236,235
236,237
236,238
236,242
236,243
236,246
236,247
236,253
236,258
236,262
236,265
236,271
236,302
236,313
236,318
236,324
236,328
236,337
236,354
236,357
236,360
237,223
237,224
237,225
237,242
237,245
237,248
237,256
237,275
237,283
237,295
237,300
237,303
237,311
237,314
237,317
237,324
237,341
237,348
237,354
237,356
237,366
237,378
238,221
238,222
238,223
238,224
238,225
238,236
238,239
238,245
238,246
238,247
238,249
238,256
238,263
238,265
238,288
238,294
238,304
238,311
238,316
238,320
238,324
238,326
238,345
238,350
238,354
238,371
239,217
239,218
239,220
239,221
239,222
239,223
239,224
239,226
239,245
239,249
239,263
239,264
239,330
239,331
239,343
239,345
239,349
239,350
239,351
239,353
239,370
239,374
240,216
240,217
240,218
240,219
240,220
240,221
240,222
240,223
240,224
240,225
240,264
240,268
240,272
240,276
240,286
240,287
240,288
240,313
240,314
240,321
240,344
240,366
240,368
240,374
240,377
240,382
241,213
241,215
241,217
241,219
241,220
241,221
241,222
241,224
241,225
241,226
241,227
241,237
241,238
241,243
241,251
241,264
241,277
241,281
241,283
241,288
241,314
241,342
241,344
241,347
241,350
241,353
241,356
241,357
241,360
241,363
241,372
241,377
241,388
242,212
242,213
242,214
242,215
242,216
242,217
242,218
242,220
242,221
242,222
242,223
242,224
242,225
242,226
242,227
242,237
242,239
242,242
242,264
242,269
242,298
242,303
242,311
242,314
242,333
242,335
242,337
242,339
242,346
242,350
242,354
242,357
242,359
242,360
242,366
242,368
242,370
242,374
243,211
243,212
243,213
243,214
243,215
243,218
243,219
243,220
243,221
243,222
243,223
243,225
243,227
243,230
243,231
243,234
243,246
243,300
243,313
243,317
243,342
243,350
243,351
243,354
243,355
243,361
243,362
243,372
243,376
244,214
244,215
244,216
244,217
244,218
244,220
244,221
244,223
244,224
244,225
244,227
244,228
244,229
244,239
244,241
244,245
244,250
244,252
244,259
244,266
244,272
244,316
244,317
244,326
244,337
244,344
244,346
244,348
244,353
244,358
244,359
244,361
244,363
244,370
244,371
244,376
244,378
244,380
244,386
244,399
245,214
245,215
245,216
245,217
245,218
245,219
245,221
245,222
245,223
245,224
245,228
245,231
245,232
245,233
245,235
245,236
245,238
245,243
245,246
245,248
245,249
245,254
245,256
245,260
245,262
245,264
245,294
245,336
245,340
245,341
245,342
245,343
245,345
245,347
245,348
245,350
245,351
245,365
245,366
245,368
245,392
246,222
246,223
246,224
246,225
246,226
246,227
246,230
246,233
246,234
246,235
246,237
246,238
246,240
246,245
246,259
246,260
246,264
246,265
246,277
246,324
246,338
246,341
246,342
246,345
246,348
246,349
246,351
246,352
246,353
246,356
246,357
246,360
246,361
246,366
246,369
247,219
247,220
247,221
247,222
247,223
247,225
247,226
247,227
247,228
247,229
247,233
247,234
247,235
247,237
247,239
247,241
247,242
247,244
247,248
247,255
247,270
247,271
247,274
247,296
247,319
247,337
247,344
247,346
247,347
247,349
247,351
247,354
247,360
247,361
247,364
247,367
247,368
247,369
247,372
247,377
248,223
248,224
248,225
248,226
248,229
248,230
248,231
248,233
248,234
248,235
248,236
248,237
248,238
248,239
248,240
248,241
248,258
248,261
248,263
248,269
248,275
248,289
248,300
248,311
248,315
248,334
248,335
248,336
248,344
248,346
248,349
248,350
248,351
248,353
248,354
248,355
248,357
248,358
248,360
248,370
248,393
248,394
249,210
249,215
249,224
249,226
249,227
249,228
249,229
249,231
249,237
249,238
249,239
249,242
249,243
249,244
249,249
249,256
249,259
249,264
249,267
249,270
249,274
249,285
249,292
249,323
249,334
249,337
249,341
249,344
249,347
249,351
249,353
249,356
249,358
249,360
249,366
249,371
249,376
249,377
249,378
249,384
249,393
250,205
250,226
250,227
250,228
250,229
250,231
250,235
250,236
250,237
250,238
250,240
250,242
250,244
250,245
250,250
250,255
250,256
250,261
250,263
250,267
250,272
250,273
250,274
250,277
250,282
250,306
250,324
250,337
250,342
250,346
250,348
250,351
250,352
250,354
250,355
250,356
250,364
250,365
250,367
250,369
250,378
250,379
250,380
251,242
251,245
251,248
251,249
251,256
251,271
251,277
251,306
251,325
251,339
251,346
251,349
251,353
251,357
251,358
251,359
251,370
251,379
251,382
252,236
252,243
252,244
252,245
252,247
252,248
252,251
252,259
252,265
252,267
252,268
252,270
252,275
252,278
252,288
252,291
252,306
252,342
252,344
252,345
252,348
252,349
252,352
252,355
252,356
252,367
252,373
252,377
252,378
252,380
252,382
253,218
253,242
253,243
253,246
253,247
253,258
253,259
253,271
253,273
253,276
253,277
253,281
253,309
253,316
253,317
253,329
253,331
253,337
253,339
253,344
253,345
253,348
253,354
253,355
253,356
253,362
253,366
253,369
253,370
253,371
253,372
253,373
253,376
253,377
253,379
253,380
253,381
253,396
254,224
254,244
254,245
254,246
254,247
254,248
254,265
254,270
254,275
254,297
254,305
254,325
254,340
254,344
254,345
254,349
254,350
254,353
254,355
254,365
254,368
254,370
254,371
254,375
254,376
255,205
255,206
255,207
255,208
255,222
255,225
255,229
255,231
255,261
255,270
255,272
255,279
255,281
255,291
255,325
255,334
255,341
255,343
255,347
255,350
255,353
255,362
255,364
255,366
255,367
255,368
255,369
255,370
255,372
255,373
255,381
256,209
256,218
256,229
256,231
256,247
256,249
256,262
256,266
256,271
256,273
256,284
256,287
256,300
256,307
256,308
256,320
256,332
256,336
256,337
256,341
256,342
256,343
256,345
256,347
256,348
256,351
256,355
256,356
256,357
256,363
256,372
256,381
257,214
257,215
257,224
257,229
257,238
257,253
257,254
257,256
257,262
257,266
257,270
257,272
257,279
257,280
257,298
257,303
257,313
257,327
257,331
257,336
257,342
257,344
257,345
257,346
257,350
257,363
257,373
257,376
258,207
258,216
258,220
258,222
258,225
258,226
258,233
258,234
258,235
258,239
258,269
258,271
258,275
258,278
258,284
258,288
258,299
258,310
258,323
258,342
258,343
258,345
258,348
258,350
258,352
258,357
258,360
258,367
259,194
259,202
259,203
259,208
259,215
259,225
259,226
259,231
259,236
259,238
259,260
259,268
259,270
259,271
259,272
259,274
259,275
259,277
259,292
259,299
259,308
259,311
259,315
259,322
259,341
259,345
259,348
260,195
260,201
260,203
260,208
260,223
260,225
260,234
260,235
260,236
260,237
260,238
260,243
260,251
260,253
260,258
260,296
260,301
260,307
260,308
260,309
260,310
260,340
260,346
260,350
260,361
260,362
260,380
261,200
261,204
261,214
261,231
261,243
261,263
261,275
261,287
261,297
261,300
261,309
261,311
261,313
261,315
261,323
261,326
261,337
261,346
261,355
261,362
261,385
262,201
262,209
262,213
262,221
262,240
262,253
262,269
262,280
262,286
262,295
262,296
262,320
262,325
262,328
262,339
262,341
262,405
263,196
263,210
263,211
263,218
263,228
263,236
263,243
263,246
263,271
263,274
263,277
263,278
263,283
263,288
263,297
263,300
263,307
263,312
263,317
263,318
263,325
263,331
263,342
263,343
263,355
263,383
264,197
264,221
264,226
264,269
264,270
264,280
264,289
264,294
264,298
264,326
264,332
264,342
264,344
264,364
264,387
265,192
265,201
265,209
265,214
265,217
265,223
265,226
265,229
265,233
265,297
265,316
265,317
265,334
265,380
265,398
265,405
265,406
266,193
266,200
266,202
266,209
266,229
266,230
266,231
266,242
266,252
266,256
266,263
266,266
266,270
266,274
266,275
266,279
266,282
266,293
266,334
266,337
266,347
266,352
266,389
266,406
267,193
267,197
267,205
267,207
267,212
267,220
267,225
267,228
267,230
267,233
267,236
267,245
267,262
267,274
267,278
267,279
267,294
267,295
267,304
267,317
267,321
267,349
267,364
267,408
267,415
268,198
268,200
268,201
268,208
268,223
268,227
268,231
268,235
268,256
268,266
268,281
268,282
268,295
268,296
268,299
268,301
268,349
268,370
268,405
268,412
268,415
269,185
269,200
269,201
269,205
269,212
269,213
269,215
269,223
269,225
269,230
269,233
269,238
269,255
269,258
269,274
269,275
269,277
269,278
269,281
269,282
269,333
269,334
269,337
269,353
269,401
270,188
270,191
270,196
270,198
270,199
270,205
270,216
270,221
270,223
270,231
270,236
270,241
270,248
270,272
270,289
270,293
270,345
270,349
270,383
270,387
270,407
270,411
271,201
271,214
271,224
271,226
271,228
271,237
271,268
271,271
271,276
271,278
271,282
271,287
271,289
271,329
271,334
271,338
271,346
271,352
271,354
271,365
271,373
271,385
271,411
272,176
272,201
272,202
272,205
272,207
272,212
272,216
272,229
272,231
272,233
272,234
272,238
272,242
272,262
272,264
272,268
272,284
272,304
272,324
272,327
272,330
272,341
272,363
272,365
272,366
272,381
272,385
272,403
272,411
272,418
273,203
273,205
273,216
273,217
273,225
273,228
273,233
273,234
273,236
273,238
273,239
273,241
273,242
273,254
273,260
273,277
273,287
273,289
273,296
273,301
273,308
273,315
273,323
273,328
273,337
273,340
273,342
273,349
273,352
273,400
273,408
274,202
274,204
274,206
274,213
274,219
274,220
274,224
274,227
274,229
274,233
274,234
274,236
274,237
274,238
274,239
274,240
274,241
274,245
274,262
274,265
274,279
274,283
274,285
274,287
274,301
274,306
274,313
274,329
274,331
274,342
274,348
274,372
274,400
275,210
275,211
275,218
275,219
275,220
275,222
275,228
275,230
275,233
275,235
275,236
275,238
275,239
275,240
275,241
275,243
275,244
275,245
275,251
275,276
275,284
275,298
275,305
275,312
275,332
275,338
275,370
275,375
275,377
275,383
276,202
276,203
276,210
276,211
276,215
276,217
276,218
276,219
276,225
276,226
276,228
276,230
276,233
276,234
276,235
276,236
276,238
276,239
276,242
276,243
276,245
276,246
276,248
276,250
276,251
276,253
276,268
276,276
276,295
276,313
276,325
276,328
276,332
276,340
276,347
276,348
277,195
277,200
277,217
277,220
277,221
277,222
277,223
277,224
277,228
277,230
277,232
277,237
277,238
277,239
277,240
277,241
277,245
277,250
277,251
277,257
277,266
277,280
277,283
277,284
277,289
277,309
277,318
277,327
277,335
277,336
277,341
277,357
278,207
278,210
278,211
278,212
278,213
278,214
278,218
278,219
278,221
278,223
278,226
278,229
278,231
278,235
278,236
278,238
278,239
278,240
278,242
278,246
278,288
278,303
278,314
278,326
278,329
278,343
278,349
278,365
278,374
278,377
278,415
279,217
279,219
279,220
279,221
279,222
279,223
279,225
279,227
279,228
279,230
279,232
279,233
279,234
279,236
279,242
279,244
279,245
279,246
279,247
279,249
279,255
279,257
279,285
279,296
279,302
279,310
279,317
279,327
279,333
279,338
279,339
279,344
279,346
279,363
279,367
279,369
279,390
280,176
280,186
280,208
280,214
280,216
280,218
280,220
280,232
280,234
280,235
280,236
280,237
280,239
280,240
280,241
280,244
280,247
280,248
280,249
280,252
280,253
280,256
280,257
280,259
280,260
280,262
280,266
280,292
280,299
280,333
280,339
280,345
280,354
280,360
280,365
280,384
280,395
280,402
281,207
281,216
281,232
281,236
281,241
281,248
281,255
281,265
281,266
281,282
281,300
281,303
281,304
281,317
281,322
281,323
281,341
281,348
281,362
281,370
281,390
281,401
281,405
282,196
282,199
282,205
282,219
282,244
282,245
282,249
282,252
282,259
282,261
282,263
282,276
282,283
282,285
282,286
282,316
282,319
282,329
282,344
282,378
282,419
283,178
283,190
283,214
283,223
283,226
283,279
283,293
283,298
283,305
283,335
283,337
283,341
283,364
283,365
284,190
284,232
284,241
284,267
284,312
284,314
284,319
284,322
284,329
284,334
284,336
284,372
284,374
284,392
285,186
285,231
285,234
285,236
285,237
285,269
285,272
285,275
285,282
285,285
285,293
285,315
285,324
285,334
285,338
285,342
285,370
285,408
286,205
286,206
286,223
286,234
286,259
286,263
286,275
286,285
286,292
286,311
286,315
286,324
286,326
286,357
286,359
286,368
286,369
287,193
287,208
287,220
287,233
287,234
287,236
287,255
287,272
287,294
287,305
287,311
287,317
287,320
287,328
287,332
287,342
287,353
287,355
287,357
287,398
288,190
288,230
288,241
288,242
288,254
288,280
288,290
288,309
288,316
288,359
288,408
289,169
289,208
289,237
289,264
289,266
289,276
289,278
289,279
289,331
289,346
289,370
289,374
289,382
289,386
289,408
290,209
290,211
290,216
290,229
290,242
290,248
290,257
290,259
290,263
290,270
290,272
290,277
290,283
290,287
290,297
290,324
290,338
290,343
290,352
290,386
290,409
291,192
291,199
291,206
291,208
291,212
291,216
291,231
291,247
291,250
291,276
291,280
291,284
291,312
291,313
291,314
291,315
291,370
291,395
292,194
292,195
292,199
292,208
292,211
292,214
292,217
292,224
292,228
292,233
292,242
292,250
292,267
292,312
292,328
292,329
292,333
292,351
292,357
292,383
292,410
292,412
293,190
293,192
293,198
293,199
293,203
293,216
293,218
293,223
293,226
293,235
293,237
293,240
293,272
293,285
293,297
293,311
293,338
293,346
293,353
293,384
293,386
293,387
293,388
294,211
294,261
294,268
294,284
294,295
294,301
294,316
294,339
294,361
294,362
294,363
294,366
294,370
294,372
294,377
294,398
294,419
294,422
295,204
295,210
295,220
295,253
295,283
295,290
295,291
295,307
295,340
295,341
295,344
295,349
295,361
295,362
295,415
296,198
296,200
296,206
296,223
296,241
296,242
296,243
296,253
296,261
296,265
296,270
296,274
296,285
296,287
296,289
296,318
296,321
296,329
296,337
296,350
296,357
296,381
296,396
296,401
297,195
297,197
297,202
297,225
297,238
297,246
297,248
297,256
297,258
297,261
297,274
297,275
297,295
297,303
297,310
297,334
297,347
297,349
297,350
297,355
297,357
297,360
297,374
297,375
297,377
297,381
297,386
297,390
297,399
297,404
297,409
298,193
298,203
298,230
298,236
298,237
298,238
298,239
298,241
298,257
298,263
298,272
298,284
298,293
298,310
298,311
298,313
298,322
298,324
298,333
298,356
298,361
298,362
298,367
298,371
298,374
298,381
298,392
298,396
298,403
298,408
298,409
298,413
298,415
298,416
299,198
299,236
299,237
299,246
299,255
299,285
299,289
299,301
299,329
299,339
299,350
299,357
299,367
299,375
299,377
299,379
299,382
299,395
299,404
299,413
299,417
299,419
299,426
300,213
300,217
300,218
300,236
300,243
300,247
300,249
300,251
300,254
300,260
300,266
300,270
300,280
300,292
300,312
300,321
300,332
300,334
300,335
300,341
300,342
300,353
300,375
300,384
300,391
300,393
300,403
300,406
300,416
300,419
300,420
300,421
301,216
301,222
301,235
301,250
301,252
301,257
301,290
301,293
301,300
301,311
301,320
301,323
301,329
301,343
301,371
301,391
301,404
301,408
301,409
301,420
301,421
301,425
301,427
302,175
302,234
302,248
302,250
302,293
302,298
302,301
302,302
302,305
302,319
302,320
302,332
302,350
302,353
302,363
302,386
302,409
302,419
302,421
303,166
303,191
303,211
303,219
303,225
303,229
303,246
303,247
303,258
303,272
303,275
303,294
303,309
303,311
303,333
303,335
303,337
303,339
303,341
303,347
303,374
303,399
303,405
303,420
303,429
304,210
304,212
304,215
304,240
304,244
304,255
304,260
304,271
304,279
304,284
304,295
304,313
304,316
304,330
304,341
304,342
304,378
304,420
304,429
304,430
304,431
305,169
305,211
305,217
305,226
305,231
305,233
305,272
305,280
305,281
305,297
305,310
305,313
305,346
305,350
305,355
305,370
305,382
305,399
305,403
305,429
306,182
306,213
306,258
306,265
306,269
306,275
306,278
306,280
306,281
306,297
306,303
306,312
306,321
306,339
306,379
307,199
307,202
307,208
307,229
307,231
307,232
307,245
307,252
307,263
307,264
307,270
307,271
307,286
307,287
307,315
307,317
307,325
307,342
307,343
307,349
307,360
307,371
307,374
307,375
307,376
307,377
307,378
307,387
308,185
308,195
308,213
308,214
308,223
308,227
308,232
308,239
308,256
308,259
308,269
308,271
308,273
308,293
308,294
308,298
308,328
308,340
308,346
308,347
308,386
308,419
309,225
309,236
309,237
309,239
309,242
309,251
309,254
309,292
309,296
309,297
309,319
309,329
309,336
309,342
309,382
309,386
310,189
310,214
310,215
310,222
310,235
310,245
310,282
310,297
310,303
310,330
310,337
310,345
310,346
310,348
310,359
311,197
311,236
311,238
311,241
311,247
311,261
311,275
311,276
311,281
311,286
311,304
311,306
311,315
311,317
311,326
311,337
311,341
311,355
311,364
311,376
312,193
312,198
312,202
312,229
312,245
312,301
312,318
312,320
312,322
312,325
312,335
312,355
312,377
312,389
312,395
312,397
313,205
313,212
313,218
313,230
313,251
313,252
313,258
313,260
313,265
313,273
313,275
313,278
313,291
313,295
313,296
313,327
313,334
313,336
313,351
313,354
313,371
314,185
314,226
314,235
314,237
314,249
314,260
314,262
314,267
314,275
314,315
314,321
314,327
314,337
314,345
314,346
314,356
314,357
314,400
314,409
315,198
315,225
315,237
315,240
315,260
315,271
315,304
315,314
315,332
315,334
315,338
315,341
316,227
316,239
316,272
316,274
316,280
316,290
316,294
316,311
316,320
316,329
316,345
316,361
317,209
317,221
317,224
317,231
317,234
317,240
317,242
317,250
317,252
317,271
317,285
317,289
317,309
317,334
317,340
317,363
317,389
318,231
318,247
318,252
318,254
318,259
318,268
318,290
318,292
318,313
318,314
318,321
318,324
318,326
318,332
318,344
318,372
318,386
318,394
319,217
319,222
319,231
319,237
319,246
319,248
319,251
319,276
319,281
319,283
319,286
319,293
319,295
319,309
319,322
319,328
319,329
319,345
319,369
319,382
319,383
319,393
319,405
320,199
320,205
320,229
320,237
320,238
320,241
320,247
320,287
320,299
320,311
320,317
320,320
320,323
320,324
320,336
320,356
320,364
320,371
321,215
321,226
321,228
321,234
321,235
321,236
321,257
321,260
321,264
321,277
321,278
321,281
321,284
321,289
321,298
321,304
321,312
321,326
321,328
321,360
321,369
321,372
321,380
321,412
322,196
322,225
322,273
322,291
322,299
322,308
322,321
322,324
322,338
322,343
322,373
322,382
323,185
323,205
323,220
323,245
323,262
323,267
323,279
323,280
323,287
323,288
323,302
323,334
323,335
323,337
323,348
323,351
323,355
323,408
324,186
324,194
324,199
324,223
324,232
324,234
324,238
324,258
324,265
324,285
324,286
324,288
324,326
324,334
324,363
324,377
325,219
325,221
325,250
325,261
325,289
325,332
325,336
325,351
325,375
325,390
325,401
326,221
326,224
326,228
326,241
326,264
326,276
326,286
326,287
326,308
326,319
326,336
326,386
327,266
327,275
327,280
327,284
327,287
327,288
327,292
327,300
327,302
327,304
327,310
327,378
327,400
328,205
328,218
328,244
328,249
328,251
328,256
328,272
328,286
328,289
328,293
328,294
328,326
328,327
328,335
328,352
328,372
328,373
329,233
329,236
329,250
329,256
329,265
329,280
329,293
329,296
329,304
329,309
329,310
329,311
329,312
329,365
329,368
329,377
329,381
329,387
329,392
330,218
330,243
330,244
330,252
330,257
330,260
330,275
330,288
330,291
330,297
330,310
330,311
330,316
330,336
330,342
330,347
330,356
330,367
330,368
330,388
331,246
331,254
331,278
331,285
331,293
331,309
331,316
331,338
331,353
331,361
331,409
332,211
332,231
332,247
332,252
332,255
332,258
332,286
332,295
332,298
332,304
332,310
332,311
332,312
332,329
332,333
332,335
332,338
332,377
332,389
333,210
333,236
333,237
333,238
333,267
333,275
333,287
333,288
333,292
333,295
333,305
333,328
333,330
333,334
333,336
333,339
333,360
333,385
334,216
334,238
334,244
334,246
334,247
334,252
334,256
334,265
334,274
334,289
334,290
334,293
334,297
334,298
334,312
334,316
334,325
334,330
334,332
334,341
334,353
334,369
334,389
335,235
335,242
335,243
335,244
335,247
335,252
335,264
335,290
335,291
335,309
335,310
335,314
335,316
335,335
335,342
335,345
335,349
335,353
335,362
335,378
336,231
336,236
336,239
336,240
336,241
336,242
336,243
336,282
336,287
336,290
336,292
336,293
336,295
336,296
336,303
336,304
336,310
336,311
336,315
336,322
336,350
336,360
336,364
336,389
337,224
337,225
337,231
337,233
337,238
337,243
337,244
337,250
337,257
337,260
337,261
337,285
337,289
337,297
337,304
337,306
337,320
337,337
337,378
337,379
337,390
337,411
338,207
338,222
338,224
338,227
338,231
338,233
338,239
338,240
338,250
338,253
338,298
338,306
338,317
338,318
338,319
338,321
338,327
338,332
338,369
338,382
338,384
339,212
339,217
339,218
339,221
339,222
339,227
339,231
339,244
339,248
339,255
339,260
339,276
339,289
339,315
339,320
339,323
339,324
339,333
339,344
339,348
339,365
339,378
339,379
340,220
340,228
340,231
340,232
340,233
340,234
340,239
340,252
340,278
340,291
340,292
340,295
340,301
340,317
340,318
340,324
340,334
341,200
341,217
341,225
341,228
341,229
341,233
341,238
341,243
341,250
341,287
341,290
341,294
341,303
341,318
341,319
341,320
341,322
341,326
341,335
342,214
342,223
342,232
342,237
342,239
342,243
342,269
342,276
342,290
342,291
342,305
342,316
342,321
342,322
342,325
342,328
342,346
342,350
342,356
342,364
343,210
343,212
343,216
343,222
343,225
343,227
343,228
343,229
343,230
343,234
343,243
343,245
343,252
343,253
343,272
343,284
343,287
343,289
343,290
343,292
343,294
343,297
343,312
343,318
343,319
343,323
343,328
343,333
343,346
343,350
343,356
343,369
344,211
344,212
344,229
344,231
344,239
344,244
344,251
344,253
344,258
344,260
344,261
344,262
344,265
344,273
344,289
344,291
344,293
344,312
344,320
344,341
344,357
345,213
345,234
345,238
345,240
345,242
345,252
345,253
345,258
345,259
345,261
345,263
345,277
345,289
345,291
345,292
345,293
345,295
345,301
345,306
345,313
345,321
345,329
345,341
345,360
346,221
346,224
346,231
346,236
346,237
346,241
346,242
346,247
346,249
346,250
346,252
346,254
346,256
346,258
346,260
346,261
346,267
346,286
346,289
346,291
346,292
346,293
346,309
346,317
346,318
346,319
346,320
346,324
346,333
346,352
346,354
346,390
347,217
347,235
347,240
347,241
347,243
347,257
347,269
347,278
347,286
347,288
347,289
347,293
347,294
347,297
347,312
347,315
347,316
347,319
347,327
347,330
347,337
347,347
347,360
347,363
347,365
348,218
348,222
348,225
348,235
348,239
348,240
348,242
348,251
348,260
348,272
348,276
348,286
348,287
348,288
348,289
348,293
348,297
348,318
348,319
348,322
348,323
348,327
348,389
348,394
348,396
349,217
349,219
349,220
349,240
349,242
349,258
349,261
349,269
349,278
349,287
349,288
349,296
349,298
349,299
349,310
349,316
349,318
349,320
349,321
349,356
349,368
349,372
349,373
350,219
350,235
350,238
350,246
350,266
350,287
350,288
350,290
350,291
350,292
350,293
350,294
350,295
350,307
350,312
350,313
350,314
350,320
350,346
350,394
350,401
351,216
351,225
351,228
351,230
351,238
351,240
351,250
351,252
351,254
351,256
351,259
351,260
351,261
351,278
351,292
351,293
351,294
351,297
351,299
351,311
351,312
351,317
351,337
351,376
351,401
352,220
352,226
352,229
352,234
352,237
352,238
352,239
352,249
352,250
352,275
352,288
352,289
352,293
352,295
352,296
352,299
352,314
352,316
352,320
352,322
352,336
352,357
352,359
353,228
353,234
353,237
353,238
353,240
353,242
353,245
353,248
353,254
353,281
353,285
353,286
353,287
353,288
353,296
353,308
353,314
353,321
353,373
353,379
353,402
354,218
354,226
354,233
354,234
354,235
354,236
354,237
354,239
354,242
354,244
354,250
354,260
354,280
354,283
354,286
354,287
354,288
354,294
354,300
354,315
354,316
354,319
354,363
355,214
355,228
355,232
355,235
355,236
355,237
355,238
355,239
355,269
355,275
355,282
355,284
355,287
355,294
355,297
355,298
355,299
355,313
355,342
355,353
355,401
355,402
355,403
356,233
356,234
356,235
356,239
356,257
356,267
356,271
356,280
356,283
356,284
356,288
356,290
356,292
356,293
356,296
356,300
356,301
356,312
356,314
356,320
356,322
356,370
356,401
357,255
357,264
357,280
357,283
357,284
357,289
357,295
357,297
357,298
357,302
357,320
357,362
357,371
357,400
357,401
357,402
358,275
358,278
358,279
358,280
358,281
358,283
358,284
358,285
358,287
358,288
358,289
358,291
358,292
358,293
358,300
358,302
358,304
358,305
358,319
358,321
358,323
358,331
358,401
359,276
359,278
359,279
359,282
359,286
359,287
359,289
359,292
359,294
359,295
359,296
359,298
359,300
359,301
359,304
359,320
360,240
360,269
360,276
360,279
360,280
360,282
360,283
360,284
360,287
360,290
360,291
360,294
360,298
360,301
360,303
360,308
360,309
360,313
360,315
360,319
360,323
360,341
360,348
360,355
360,367
360,384
361,266
361,275
361,278
361,279
361,280
361,281
361,285
361,286
361,288
361,289
361,292
361,296
361,297
361,299
361,303
361,310
361,324
361,366
362,238
362,243
362,258
362,260
362,272
362,274
362,278
362,282
362,285
362,286
362,289
362,290
362,291
362,292
362,295
362,296
362,299
362,300
362,303
362,309
362,310
362,311
362,314
362,318
362,320
362,349
362,352
362,354
362,355
362,356
362,361
363,274
363,277
363,278
363,279
363,282
363,283
363,284
363,287
363,295
363,298
363,300
363,303
363,304
363,307
363,308
363,309
363,310
363,312
363,314
363,317
363,322
363,336
363,355
364,238
364,274
364,276
364,277
364,278
364,279
364,281
364,282
364,283
364,288
364,289
364,291
364,292
364,293
364,298
364,299
364,301
364,305
364,306
364,307
364,309
364,310
364,316
364,319
364,322
364,323
364,330
364,333
365,235
365,276
365,277
365,278
365,279
365,280
365,283
365,285
365,286
365,288
365,293
365,296
365,298
365,300
365,301
365,303
365,304
365,307
365,309
365,310
365,311
365,312
365,317
365,333
365,348
366,277
366,279
366,284
366,286
366,292
366,295
366,299
366,302
366,307
366,308
366,310
366,311
366,312
366,320
366,322
366,329
366,334
366,337
366,373
367,272
367,276
367,277
367,279
367,282
367,284
367,287
367,289
367,291
367,293
367,295
367,300
367,304
367,305
367,306
367,312
367,313
367,319
367,323
367,324
367,325
367,332
367,336
368,277
368,278
368,279
368,280
368,282
368,284
368,286
368,287
368,289
368,291
368,293
368,296
368,298
368,300
368,301
368,302
368,306
368,308
368,309
368,312
368,313
368,314
368,316
368,322
368,332
368,333
368,337
369,269
369,272
369,276
369,280
369,281
369,287
369,288
369,290
369,291
369,292
369,296
369,298
369,299
369,300
369,302
369,303
369,304
369,305
369,307
369,309
369,310
369,312
369,313
369,317
369,319
369,337
369,338
370,269
370,272
370,273
370,274
370,275
370,276
370,278
370,279
370,283
370,284
370,285
370,287
370,288
370,289
370,291
370,294
370,297
370,299
370,301
370,304
370,307
370,308
370,309
370,310
370,311
370,312
370,323
370,327
370,338
370,339
371,270
371,276
371,277
371,278
371,280
371,281
371,282
371,284
371,285
371,287
371,288
371,290
371,297
371,298
371,299
371,300
371,301
371,302
371,303
371,306
371,311
371,312
371,313
371,314
371,315
371,316
371,318
371,319
371,321
371,322
371,323
371,324
371,325
371,328
371,330
371,337
372,271
372,273
372,274
372,277
372,279
372,280
372,281
372,282
372,283
372,285
372,286
372,290
372,297
372,299
372,301
372,303
372,304
372,305
372,306
372,308
372,309
372,310
372,311
372,312
372,313
372,316
372,317
372,318
372,320
372,321
372,323
372,324
372,327
372,332
372,334
372,335
372,337
373,261
373,271
373,273
373,275
373,278
373,280
373,281
373,283
373,285
373,288
373,289
373,290
373,296
373,298
373,300
373,301
373,302
373,303
373,304
373,305
373,310
373,311
373,312
373,314
373,315
373,316
373,317
373,320
373,323
373,324
373,326
373,337
373,340
374,271
374,272
374,273
374,275
374,276
374,277
374,279
374,281
374,282
374,283
374,285
374,289
374,296
374,299
374,300
374,301
374,303
374,304
374,306
374,307
374,308
374,309
374,310
374,311
374,312
374,313
374,314
374,315
374,316
374,318
374,319
374,320
374,322
374,324
374,325
374,326
374,327
374,328
374,329
374,332
374,338
374,361
375,268
375,269
375,271
375,272
375,273
375,274
375,279
375,280
375,281
375,282
375,284
375,295
375,296
375,298
375,299
375,300
375,301
375,303
375,306
375,307
375,311
375,313
375,314
375,315
375,316
375,318
375,319
375,320
375,322
375,323
375,325
375,327
375,328
375,329
375,330
375,336
376,268
376,270
376,271
376,273
376,275
376,276
376,279
376,280
376,281
376,283
376,287
376,292
376,295
376,296
376,298
376,299
376,300
376,301
376,302
376,303
376,304
376,305
376,307
376,308
376,309
376,310
376,311
376,314
376,315
376,316
376,317
376,320
376,321
376,322
376,323
376,324
376,325
376,327
376,328
376,331
376,334
376,336
376,361
377,262
377,268
377,269
377,270
377,271
377,272
377,276
377,277
377,278
377,280
377,281
377,283
377,284
377,285
377,295
377,296
377,297
377,298
377,299
377,302
377,303
377,306
377,308
377,309
377,313
377,314
377,315
377,317
377,318
377,320
377,321
377,322
377,323
377,324
377,325
377,326
377,327
377,328
377,329
377,337
378,268
378,269
378,270
378,271
378,272
378,274
378,276
378,277
378,279
378,280
378,281
378,297
378,298
378,300
378,301
378,302
378,304
378,305
378,306
378,307
378,309
378,311
378,312
378,313
378,314
378,316
378,317
378,318
378,320
378,322
378,324
378,326
378,327
378,328
378,329
378,336
379,268
379,269
379,271
379,275
379,276
379,277
379,281
379,295
379,296
379,299
379,300
379,301
379,303
379,304
379,306
379,308
379,309
379,310
379,311
379,312
379,313
379,314
379,315
379,316
379,317
379,318
379,319
379,320
379,322
379,323
379,324
379,325
379,326
379,327
379,328
379,336
379,337
379,338
379,339
380,267
380,268
380,269
380,273
380,274
380,275
380,276
380,277
380,280
380,287
380,288
380,291
380,293
380,296
380,298
380,299
380,300
380,301
380,302
380,303
380,304
380,305
380,306
380,308
380,309
380,312
380,313
380,314
380,315
380,316
380,318
380,319
380,320
380,321
380,322
380,323
380,324
380,325
380,326
380,327
380,328
380,329
380,336
380,337
380,339
381,267
381,268
381,276
381,279
381,289
381,294
381,298
381,299
381,300
381,302
381,303
381,304
381,306
381,308
381,309
381,310
381,311
381,313
381,314
381,317
381,318
381,319
381,320
381,321
381,322
381,323
381,324
381,326
381,327
381,328
381,329
381,338
381,339
381,340
381,341
382,267
382,268
382,269
382,295
382,298
382,302
382,303
382,304
382,307
382,308
382,309
382,311
382,312
382,313
382,314
382,315
382,316
382,320
382,321
382,322
382,323
382,324
382,325
382,326
382,327
382,328
382,329
382,330
382,331
382,332
382,337
382,339
382,341
383,267
383,268
383,269
383,283
383,289
383,299
383,303
383,312
383,313
383,314
383,315
383,316
383,317
383,319
383,320
383,321
383,322
383,323
383,324
383,326
383,327
383,328
383,329
383,330
383,331
383,332
383,337
383,338
383,339
383,340
383,341
384,268
384,269
384,270
384,295
384,298
384,303
384,311
384,312
384,313
384,314
384,315
384,316
384,317
384,318
384,319
384,320
384,321
384,322
384,323
384,328
384,329
384,330
384,331
385,297
385,303
385,311
385,312
385,313
385,314
385,315
385,316
385,318
385,319
385,320
385,321
385,322
385,323
386,298
386,313
386,314
386,315
386,316
386,317
386,318
387,310
387,314
387,315
387,316
387,317
