0,0
215,297
215,298
216,294
216,295
216,296
216,298
216,299
216,305
217,293
217,294
217,295
217,296
217,297
217,298
217,299
218,269
218,285
218,289
218,290
218,293
218,294
218,295
218,296
218,297
218,298
218,299
219,268
219,269
219,281
219,284
219,289
219,290
219,292
219,293
219,294
219,295
219,296
219,297
219,298
219,299
219,300
219,301
219,306
220,268
220,269
220,277
220,282
220,284
220,285
220,289
220,290
220,293
220,295
220,296
220,297
220,298
220,299
220,300
220,301
220,302
220,303
220,307
220,308
220,317
221,268
221,271
221,278
221,280
221,281
221,284
221,289
221,290
221,292
221,293
221,294
221,295
221,297
221,298
221,299
221,300
221,303
221,305
221,344
222,268
222,269
222,277
222,289
222,290
222,291
222,294
222,296
222,297
222,298
222,299
222,300
222,302
222,304
222,306
222,313
222,350
223,266
223,267
223,268
223,269
223,278
223,279
223,283
223,289
223,291
223,292
223,293
223,294
223,295
223,297
223,298
223,300
223,301
223,302
223,303
223,304
223,308
224,256
224,267
224,268
224,269
224,278
224,283
224,287
224,288
224,290
224,291
224,292
224,293
224,294
224,295
224,296
224,297
224,298
224,299
224,300
224,301
224,303
224,304
224,335
224,336
224,337
224,338
225,256
225,261
225,266
225,267
225,268
225,269
225,270
225,274
225,277
225,288
225,291
225,294
225,296
225,297
225,298
225,299
225,301
225,302
225,303
225,304
225,305
225,307
225,310
225,333
225,334
225,335
225,336
225,337
225,338
225,347
225,350
225,358
225,362
226,248
226,255
226,257
226,267
226,268
226,269
226,270
226,274
226,288
226,289
226,291
226,292
226,293
226,294
226,295
226,296
226,297
226,298
226,299
226,300
226,301
226,307
226,308
226,319
226,320
226,334
226,335
226,336
226,338
226,342
226,357
226,360
226,362
226,364
226,365
226,366
226,367
227,255
227,256
227,258
227,260
227,262
227,265
227,266
227,267
227,268
227,269
227,270
227,271
227,272
227,273
227,274
227,281
227,283
227,289
227,292
227,293
227,294
227,295
227,296
227,297
227,298
227,301
227,303
227,304
227,305
227,320
227,335
227,336
227,337
227,338
227,348
227,353
227,355
227,360
227,361
227,362
227,363
227,364
227,365
227,366
227,368
227,369
228,256
228,258
228,261
228,268
228,269
228,271
228,282
228,286
228,288
228,289
228,292
228,295
228,297
228,299
228,300
228,304
228,305
228,309
228,310
228,335
228,336
228,337
228,338
228,339
228,359
228,360
228,361
228,363
228,366
228,367
228,368
228,369
229,245
229,255
229,256
229,262
229,268
229,269
229,272
229,280
229,288
229,289
229,290
229,292
229,293
229,295
229,299
229,300
229,301
229,302
229,304
229,307
229,311
229,324
229,331
229,335
229,336
229,337
229,338
229,339
229,352
229,360
229,361
229,363
229,364
229,365
229,366
229,367
229,368
230,252
230,260
230,262
230,268
230,269
230,270
230,286
230,287
230,288
230,289
230,290
230,291
230,292
230,293
230,294
230,295
230,299
230,301
230,302
230,305
230,307
230,312
230,313
230,333
230,335
230,336
230,337
230,338
230,339
230,342
230,344
230,350
230,356
230,361
230,364
230,365
230,367
230,368
231,248
231,254
231,267
231,271
231,275
231,276
231,278
231,279
231,281
231,288
231,290
231,292
231,294
231,295
231,296
231,301
231,303
231,307
231,309
231,312
231,333
231,334
231,337
231,338
231,339
231,346
231,349
231,359
231,369
232,244
232,251
232,252
232,253
232,264
232,265
232,268
232,269
232,270
232,276
232,277
232,279
232,281
232,287
232,289
232,290
232,291
232,294
232,296
232,297
232,298
232,301
232,303
232,304
232,312
232,313
232,333
232,335
232,338
232,339
232,341
232,346
232,350
232,355
232,357
232,362
232,371
232,372
233,226
233,227
233,253
233,257
233,268
233,269
233,271
233,272
233,273
233,274
233,280
233,286
233,287
233,291
233,293
233,294
233,295
233,296
233,297
233,302
233,303
233,304
233,305
233,325
233,329
233,330
233,331
233,332
233,334
233,336
233,337
233,342
233,347
233,348
233,349
233,351
233,355
233,362
234,227
234,231
234,235
234,243
234,245
234,252
234,255
234,256
234,257
234,258
234,259
234,269
234,271
234,272
234,275
234,276
234,281
234,285
234,286
234,287
234,288
234,289
234,290
234,295
234,296
234,298
234,301
234,304
234,305
234,319
234,320
234,321
234,327
234,328
234,329
234,330
234,331
234,333
234,334
234,337
234,345
234,346
234,349
235,255
235,257
235,260
235,272
235,273
235,276
235,277
235,284
235,285
235,286
235,287
235,288
235,291
235,294
235,295
235,296
235,298
235,302
235,304
235,305
235,319
235,321
235,326
235,328
235,330
235,332
235,342
235,359
235,366
236,231
236,245
236,252
236,264
236,268
236,273
236,274
236,276
236,277
236,278
236,279
236,280
236,281
236,282
236,283
236,284
236,288
236,289
236,291
236,293
236,299
236,304
236,305
236,306
236,307
236,308
236,311
236,312
236,320
236,323
236,332
236,333
236,334
236,336
236,350
236,355
236,356
236,369
236,370
236,373
237,240
237,244
237,252
237,253
237,257
237,258
237,259
237,260
237,268
237,269
237,271
237,272
237,274
237,276
237,277
237,278
237,279
237,282
237,284
237,286
237,287
237,288
237,290
237,292
237,293
237,294
237,297
237,301
237,305
237,306
237,308
237,312
237,313
237,318
237,323
237,333
237,334
237,335
237,336
237,337
237,349
237,355
237,362
237,363
237,368
237,372
238,251
238,254
238,258
238,259
238,260
238,261
238,262
238,267
238,271
238,272
238,274
238,277
238,289
238,291
238,292
238,293
238,295
238,296
238,298
238,299
238,305
238,306
238,308
238,310
238,312
238,325
238,328
238,331
238,332
238,338
238,339
238,347
238,357
238,359
238,365
238,373
238,376
239,237
239,239
239,246
239,251
239,254
239,255
239,256
239,258
239,260
239,262
239,266
239,267
239,268
239,269
239,276
239,278
239,281
239,284
239,290
239,292
239,293
239,299
239,301
239,303
239,306
239,310
239,312
239,317
239,323
239,325
239,326
239,332
239,334
239,337
239,357
239,369
239,385
240,237
240,247
240,248
240,251
240,253
240,256
240,257
240,261
240,262
240,263
240,265
240,266
240,270
240,278
240,280
240,281
240,283
240,284
240,289
240,291
240,294
240,296
240,299
240,302
240,304
240,305
240,306
240,310
240,318
240,324
240,329
240,331
240,332
240,334
240,347
240,355
240,359
240,365
240,367
240,370
241,231
241,234
241,246
241,252
241,253
241,254
241,256
241,258
241,259
241,261
241,266
241,268
241,270
241,272
241,280
241,287
241,289
241,294
241,298
241,300
241,301
241,302
241,304
241,305
241,306
241,307
241,317
241,319
241,320
241,321
241,323
241,324
241,325
241,327
241,332
241,333
241,340
241,341
241,352
241,354
241,358
241,368
241,370
242,228
242,241
242,245
242,249
242,252
242,255
242,258
242,261
242,262
242,263
242,265
242,266
242,276
242,277
242,278
242,280
242,281
242,287
242,290
242,291
242,292
242,295
242,297
242,304
242,305
242,307
242,308
242,310
242,313
242,315
242,316
242,320
242,321
242,326
242,328
242,330
242,340
242,348
242,349
242,363
242,367
242,379
243,235
243,236
243,244
243,245
243,256
243,257
243,258
243,259
243,260
243,261
243,264
243,265
243,266
243,268
243,269
243,270
243,274
243,275
243,276
243,278
243,282
243,284
243,288
243,292
243,293
243,295
243,296
243,307
243,308
243,310
243,312
243,318
243,320
243,325
243,328
243,329
243,331
243,335
243,349
243,394
244,238
244,242
244,249
244,261
244,262
244,267
244,268
244,276
244,278
244,279
244,281
244,283
244,284
244,285
244,286
244,291
244,293
244,298
244,299
244,304
244,306
244,310
244,311
244,313
244,314
244,323
244,325
244,330
244,331
244,332
244,334
244,335
244,343
244,347
244,355
244,356
244,357
244,362
244,369
244,372
244,387
244,389
244,392
245,242
245,244
245,259
245,266
245,267
245,268
245,269
245,270
245,271
245,274
245,275
245,276
245,277
245,278
245,279
245,280
245,283
245,284
245,286
245,287
245,289
245,295
245,299
245,304
245,306
245,307
245,309
245,310
245,317
245,321
245,322
245,325
245,326
245,329
245,331
245,349
245,353
245,355
245,356
245,371
245,374
245,376
245,381
246,232
246,241
246,243
246,249
246,250
246,276
246,281
246,282
246,284
246,286
246,289
246,299
246,300
246,301
246,303
246,308
246,310
246,311
246,312
246,315
246,319
246,321
246,322
246,323
246,327
246,331
246,333
246,337
246,339
246,346
246,350
246,358
246,362
246,368
247,217
247,218
247,231
247,252
247,256
247,258
247,263
247,267
247,269
247,277
247,278
247,279
247,280
247,281
247,283
247,285
247,288
247,290
247,292
247,294
247,295
247,298
247,299
247,301
247,303
247,304
247,306
247,307
247,308
247,309
247,310
247,313
247,316
247,320
247,322
247,323
247,324
247,328
247,329
247,330
247,331
247,338
247,342
247,357
247,362
247,379
247,380
247,382
247,386
248,215
248,216
248,217
248,218
248,219
248,220
248,221
248,222
248,242
248,257
248,264
248,266
248,267
248,276
248,278
248,279
248,280
248,282
248,283
248,287
248,288
248,290
248,291
248,292
248,293
248,295
248,296
248,297
248,298
248,299
248,301
248,302
248,303
248,316
248,320
248,323
248,324
248,327
248,328
248,329
248,331
248,333
248,339
248,342
248,362
248,368
248,373
248,379
248,380
249,208
249,216
249,217
249,218
249,219
249,220
249,221
249,222
249,223
249,251
249,276
249,278
249,286
249,287
249,289
249,293
249,295
249,299
249,301
249,305
249,306
249,308
249,311
249,315
249,317
249,319
249,324
249,328
249,329
249,336
249,342
249,345
249,346
249,349
249,350
249,359
249,362
249,368
249,370
249,375
249,380
249,381
249,383
249,385
249,387
249,389
249,392
249,395
249,397
249,400
249,401
249,402
250,207
250,216
250,217
250,218
250,220
250,221
250,222
250,223
250,224
250,249
250,257
250,266
250,268
250,275
250,280
250,284
250,288
250,296
250,297
250,305
250,307
250,308
250,309
250,312
250,315
250,317
250,320
250,328
250,329
250,330
250,334
250,336
250,361
250,362
250,363
250,374
250,377
250,387
250,388
250,398
250,399
250,400
250,401
250,402
250,403
250,404
250,405
250,406
251,212
251,217
251,218
251,219
251,220
251,221
251,222
251,224
251,225
251,226
251,227
251,228
251,229
251,230
251,236
251,238
251,239
251,263
251,265
251,278
251,279
251,282
251,283
251,284
251,286
251,288
251,290
251,292
251,296
251,299
251,300
251,301
251,307
251,317
251,320
251,321
251,323
251,327
251,330
251,344
251,360
251,361
251,362
251,383
251,385
251,387
251,389
251,390
251,391
251,392
251,393
251,394
251,396
251,397
251,398
251,399
251,400
251,401
251,403
251,404
251,405
251,406
251,407
251,408
252,201
252,213
252,217
252,219
252,220
252,225
252,230
252,231
252,232
252,234
252,235
252,241
252,254
252,256
252,261
252,272
252,282
252,289
252,295
252,297
252,301
252,305
252,308
252,320
252,323
252,324
252,325
252,327
252,329
252,330
252,331
252,335
252,336
252,338
252,339
252,364
252,371
252,383
252,385
252,386
252,387
252,388
252,390
252,392
252,393
252,394
252,395
252,396
252,398
252,399
252,400
252,401
252,402
252,403
252,404
252,405
252,406
253,200
253,201
253,213
253,220
253,221
253,224
253,226
253,227
253,229
253,231
253,232
253,235
253,236
253,239
253,241
253,253
253,254
253,260
253,266
253,268
253,274
253,282
253,283
253,287
253,289
253,291
253,296
253,297
253,300
253,301
253,305
253,306
253,308
253,321
253,327
253,328
253,333
253,352
253,359
253,364
253,383
253,386
253,387
253,388
253,389
253,390
253,391
253,393
253,394
253,395
253,398
253,399
253,400
253,401
253,402
253,403
253,404
253,405
253,406
253,407
253,410
254,200
254,201
254,202
254,215
254,217
254,221
254,231
254,234
254,239
254,240
254,251
254,253
254,259
254,262
254,266
254,272
254,278
254,285
254,286
254,287
254,291
254,295
254,299
254,300
254,301
254,302
254,303
254,304
254,309
254,311
254,313
254,315
254,317
254,319
254,320
254,324
254,326
254,327
254,328
254,330
254,331
254,332
254,333
254,335
254,337
254,339
254,359
254,360
254,377
254,378
254,380
254,383
254,384
254,387
254,388
254,389
254,391
254,392
254,393
254,394
254,396
254,397
254,399
254,401
254,402
254,403
254,404
254,405
254,406
254,407
254,408
254,409
254,410
254,411
255,201
255,202
255,210
255,214
255,215
255,217
255,226
255,233
255,234
255,236
255,238
255,239
255,240
255,244
255,245
255,250
255,252
255,254
255,257
255,258
255,262
255,264
255,265
255,274
255,287
255,295
255,296
255,297
255,300
255,302
255,305
255,310
255,313
255,316
255,317
255,320
255,321
255,327
255,331
255,333
255,336
255,339
255,340
255,345
255,360
255,375
255,376
255,377
255,378
255,379
255,384
255,386
255,387
255,389
255,390
255,392
255,394
255,397
255,398
255,399
255,400
255,401
255,402
255,403
255,404
255,405
255,407
255,408
255,409
255,410
255,411
255,412
255,413
255,414
256,201
256,202
256,203
256,214
256,217
256,227
256,230
256,234
256,235
256,236
256,241
256,243
256,246
256,250
256,255
256,256
256,258
256,260
256,263
256,264
256,265
256,268
256,270
256,272
256,274
256,277
256,281
256,282
256,286
256,289
256,290
256,291
256,297
256,301
256,305
256,309
256,311
256,318
256,321
256,328
256,329
256,354
256,358
256,359
256,364
256,367
256,370
256,371
256,373
256,374
256,375
256,376
256,378
256,379
256,380
256,383
256,384
256,385
256,386
256,389
256,390
256,391
256,393
256,394
256,395
256,396
256,397
256,398
256,399
256,402
256,404
256,405
256,406
256,407
256,408
256,409
256,410
256,411
256,412
256,413
257,198
257,210
257,211
257,212
257,213
257,225
257,226
257,227
257,232
257,243
257,244
257,247
257,251
257,252
257,257
257,258
257,261
257,269
257,283
257,284
257,285
257,288
257,290
257,291
257,293
257,297
257,309
257,310
257,315
257,319
257,322
257,329
257,334
257,335
257,337
257,341
257,355
257,357
257,358
257,359
257,360
257,361
257,364
257,366
257,367
257,371
257,372
257,374
257,375
257,378
257,380
257,382
257,385
257,386
257,387
257,388
257,391
257,393
257,394
257,395
257,396
257,397
257,400
257,401
257,402
257,404
257,405
257,406
257,407
257,408
257,409
257,410
257,411
257,412
257,413
257,414
258,193
258,205
258,210
258,211
258,212
258,213
258,214
258,217
258,218
258,227
258,232
258,241
258,242
258,249
258,252
258,259
258,260
258,263
258,268
258,274
258,276
258,283
258,286
258,291
258,296
258,297
258,301
258,306
258,307
258,308
258,313
258,314
258,322
258,333
258,353
258,354
258,355
258,359
258,361
258,365
258,366
258,368
258,369
258,373
258,375
258,376
258,380
258,383
258,384
258,385
258,387
258,391
258,392
258,393
258,394
258,395
258,397
258,399
258,400
258,402
258,403
258,404
258,407
258,409
258,410
258,411
258,412
258,413
258,414
259,210
259,211
259,212
259,219
259,230
259,232
259,239
259,240
259,247
259,248
259,252
259,256
259,264
259,267
259,282
259,283
259,285
259,293
259,296
259,298
259,300
259,301
259,303
259,319
259,325
259,327
259,329
259,330
259,331
259,336
259,338
259,352
259,354
259,362
259,366
259,367
259,372
259,376
259,379
259,381
259,382
259,383
259,384
259,387
259,389
259,390
259,391
259,392
259,393
259,394
259,395
259,396
259,397
259,398
259,399
259,400
259,405
259,407
259,408
259,409
259,410
259,411
259,413
260,191
260,202
260,204
260,209
260,213
260,222
260,226
260,228
260,231
260,239
260,241
260,244
260,246
260,250
260,255
260,256
260,263
260,264
260,268
260,270
260,271
260,273
260,275
260,280
260,288
260,289
260,292
260,299
260,312
260,313
260,315
260,318
260,333
260,335
260,337
260,342
260,351
260,354
260,356
260,358
260,360
260,368
260,370
260,371
260,375
260,382
260,383
260,386
260,387
260,388
260,389
260,390
260,394
260,395
260,396
260,397
260,398
260,399
260,403
260,404
260,405
260,407
260,408
260,409
260,410
260,411
260,413
261,205
261,207
261,211
261,213
261,216
261,218
261,225
261,227
261,235
261,237
261,244
261,246
261,247
261,251
261,252
261,257
261,261
261,266
261,271
261,277
261,286
261,290
261,291
261,296
261,298
261,299
261,304
261,328
261,329
261,331
261,341
261,344
261,350
261,357
261,359
261,360
261,363
261,364
261,367
261,368
261,370
261,371
261,374
261,375
261,376
261,377
261,378
261,379
261,381
261,384
261,388
261,389
261,391
261,392
261,393
261,394
261,395
261,396
261,397
261,398
261,399
261,400
261,401
261,403
261,405
261,406
261,407
261,409
261,410
261,411
261,412
261,413
261,414
261,415
262,190
262,214
262,215
262,217
262,225
262,226
262,229
262,232
262,233
262,234
262,236
262,237
262,238
262,239
262,243
262,244
262,245
262,246
262,251
262,255
262,256
262,257
262,258
262,259
262,268
262,277
262,278
262,287
262,288
262,290
262,291
262,302
262,309
262,312
262,313
262,314
262,315
262,316
262,317
262,321
262,324
262,326
262,327
262,330
262,334
262,349
262,353
262,354
262,356
262,359
262,360
262,361
262,363
262,367
262,369
262,371
262,375
262,376
262,382
262,383
262,384
262,389
262,390
262,394
262,396
262,397
262,398
262,399
262,400
262,402
262,404
262,406
262,407
262,408
262,409
262,410
262,411
262,412
262,413
262,414
262,415
263,179
263,193
263,206
263,219
263,220
263,222
263,227
263,233
263,238
263,245
263,251
263,254
263,256
263,257
263,258
263,266
263,268
263,272
263,275
263,276
263,279
263,281
263,286
263,289
263,291
263,295
263,299
263,303
263,305
263,309
263,316
263,332
263,333
263,336
263,344
263,350
263,354
263,356
263,361
263,364
263,368
263,370
263,373
263,374
263,376
263,378
263,379
263,380
263,382
263,386
263,389
263,390
263,391
263,393
263,394
263,395
263,396
263,399
263,400
263,401
263,402
263,403
263,404
263,406
263,407
263,408
263,409
263,410
263,411
263,412
263,413
263,414
263,415
263,416
263,417
264,178
264,190
264,191
264,194
264,196
264,200
264,204
264,208
264,210
264,220
264,222
264,225
264,229
264,233
264,235
264,236
264,241
264,243
264,246
264,253
264,263
264,268
264,271
264,275
264,276
264,278
264,282
264,283
264,286
264,287
264,291
264,293
264,300
264,302
264,305
264,306
264,308
264,317
264,318
264,323
264,331
264,338
264,340
264,346
264,349
264,350
264,351
264,365
264,367
264,368
264,373
264,377
264,379
264,383
264,384
264,386
264,390
264,391
264,392
264,394
264,395
264,396
264,397
264,398
264,399
264,401
264,402
264,403
264,404
264,405
264,406
264,411
264,412
264,413
264,414
264,415
264,416
265,179
265,187
265,190
265,193
265,194
265,197
265,207
265,220
265,225
265,230
265,232
265,236
265,239
265,242
265,244
265,246
265,249
265,252
265,253
265,258
265,264
265,266
265,269
265,271
265,273
265,274
265,275
265,277
265,278
265,279
265,284
265,286
265,287
265,302
265,307
265,315
265,318
265,320
265,323
265,325
265,327
265,331
265,333
265,335
265,336
265,338
265,339
265,340
265,342
265,345
265,346
265,354
265,356
265,363
265,365
265,372
265,374
265,375
265,377
265,378
265,381
265,382
265,383
265,384
265,387
265,388
265,389
265,390
265,391
265,392
265,393
265,394
265,395
265,396
265,397
265,399
265,400
265,401
265,402
265,403
265,404
266,181
266,182
266,188
266,196
266,198
266,199
266,207
266,212
266,220
266,228
266,233
266,234
266,239
266,240
266,241
266,245
266,246
266,248
266,249
266,250
266,253
266,260
266,265
266,268
266,271
266,277
266,278
266,286
266,288
266,291
266,295
266,302
266,310
266,324
266,325
266,328
266,331
266,335
266,340
266,341
266,342
266,343
266,346
266,351
266,357
266,363
266,364
266,372
266,373
266,374
266,375
266,377
266,378
266,379
266,381
266,383
266,385
266,386
266,387
266,388
266,390
266,391
266,392
266,394
266,395
266,396
266,397
266,398
266,401
266,402
266,411
267,177
267,179
267,191
267,203
267,206
267,210
267,215
267,217
267,223
267,226
267,229
267,234
267,235
267,238
267,247
267,248
267,250
267,257
267,264
267,268
267,273
267,275
267,276
267,285
267,286
267,289
267,302
267,303
267,312
267,320
267,322
267,326
267,334
267,336
267,339
267,341
267,342
267,346
267,350
267,353
267,356
267,360
267,366
267,370
267,371
267,372
267,374
267,376
267,378
267,379
267,382
267,383
267,384
267,385
267,389
267,390
267,391
267,392
267,393
267,394
267,395
267,397
267,398
267,399
267,401
267,402
268,175
268,176
268,177
268,186
268,194
268,195
268,199
268,202
268,215
268,234
268,237
268,239
268,240
268,242
268,245
268,247
268,249
268,251
268,252
268,253
268,259
268,260
268,261
268,265
268,276
268,277
268,283
268,285
268,287
268,293
268,307
268,309
268,313
268,315
268,318
268,320
268,331
268,335
268,336
268,346
268,351
268,352
268,357
268,360
268,361
268,362
268,365
268,366
268,374
268,375
268,378
268,383
268,384
268,386
268,388
268,395
268,396
268,398
268,400
268,401
268,406
268,408
269,174
269,175
269,176
269,177
269,189
269,192
269,199
269,202
269,204
269,214
269,217
269,220
269,224
269,228
269,232
269,235
269,241
269,249
269,250
269,251
269,254
269,259
269,269
269,279
269,284
269,285
269,287
269,293
269,294
269,300
269,308
269,309
269,310
269,319
269,320
269,321
269,329
269,332
269,340
269,345
269,349
269,351
269,359
269,362
269,368
269,371
269,375
269,379
269,383
269,387
269,394
269,395
269,396
269,397
269,398
269,399
269,400
269,404
269,407
270,175
270,176
270,177
270,178
270,179
270,180
270,181
270,182
270,183
270,184
270,185
270,201
270,224
270,232
270,240
270,242
270,243
270,244
270,246
270,252
270,253
270,254
270,256
270,261
270,264
270,265
270,266
270,277
270,278
270,280
270,284
270,285
270,287
270,291
270,295
270,298
270,307
270,308
270,310
270,316
270,322
270,325
270,337
270,338
270,342
270,346
270,354
270,359
270,363
270,365
270,368
270,374
270,375
270,381
270,384
270,388
270,391
270,392
270,393
270,396
270,397
270,398
270,399
270,412
270,413
270,415
271,174
271,175
271,177
271,178
271,179
271,180
271,181
271,182
271,183
271,184
271,185
271,186
271,188
271,190
271,222
271,225
271,239
271,241
271,243
271,245
271,248
271,250
271,261
271,264
271,273
271,274
271,280
271,295
271,304
271,308
271,314
271,328
271,336
271,339
271,340
271,341
271,343
271,345
271,349
271,355
271,359
271,361
271,368
271,370
271,371
271,376
271,380
271,381
271,386
271,387
271,389
271,391
271,392
271,393
271,394
271,395
271,396
271,397
271,398
271,400
271,403
271,404
271,406
271,420
271,421
271,422
271,423
271,424
271,427
272,171
272,172
272,173
272,174
272,175
272,177
272,178
272,179
272,181
272,182
272,183
272,185
272,186
272,188
272,189
272,190
272,225
272,232
272,240
272,243
272,245
272,248
272,253
272,256
272,271
272,278
272,279
272,286
272,290
272,299
272,301
272,302
272,306
272,307
272,309
272,313
272,318
272,333
272,336
272,352
272,353
272,358
272,360
272,361
272,368
272,372
272,373
272,375
272,380
272,383
272,386
272,387
272,388
272,389
272,390
272,392
272,395
272,396
272,397
272,398
272,399
272,415
272,417
272,420
272,421
272,422
272,423
272,424
272,425
272,426
272,427
272,428
273,174
273,176
273,178
273,179
273,180
273,182
273,183
273,185
273,186
273,188
273,189
273,190
273,191
273,192
273,221
273,222
273,226
273,245
273,246
273,247
273,249
273,252
273,255
273,256
273,257
273,259
273,261
273,263
273,269
273,271
273,274
273,279
273,286
273,305
273,307
273,311
273,317
273,320
273,325
273,326
273,330
273,336
273,339
273,341
273,347
273,354
273,356
273,361
273,365
273,367
273,369
273,370
273,372
273,374
273,377
273,379
273,383
273,385
273,389
273,391
273,394
273,395
273,399
273,402
273,404
273,405
273,409
273,410
273,412
273,413
273,414
273,419
273,420
273,421
273,422
273,423
273,424
273,425
273,426
273,427
273,428
274,172
274,173
274,174
274,175
274,176
274,177
274,178
274,179
274,180
274,181
274,182
274,184
274,185
274,187
274,189
274,190
274,191
274,193
274,194
274,195
274,197
274,221
274,228
274,247
274,249
274,250
274,253
274,261
274,271
274,290
274,293
274,295
274,299
274,300
274,304
274,310
274,311
274,314
274,316
274,317
274,318
274,319
274,321
274,322
274,326
274,328
274,334
274,340
274,341
274,346
274,349
274,355
274,356
274,360
274,361
274,363
274,365
274,367
274,369
274,370
274,373
274,374
274,375
274,377
274,378
274,379
274,383
274,384
274,386
274,391
274,395
274,397
274,406
274,407
274,408
274,409
274,410
274,411
274,412
274,413
274,414
274,415
274,417
274,418
274,419
274,421
274,423
274,424
274,425
274,426
274,427
274,428
274,429
274,430
274,431
275,170
275,171
275,172
275,173
275,174
275,175
275,176
275,177
275,178
275,179
275,180
275,181
275,182
275,183
275,184
275,185
275,186
275,187
275,188
275,189
275,190
275,191
275,192
275,193
275,195
275,196
275,199
275,200
275,224
275,227
275,248
275,258
275,261
275,262
275,267
275,270
275,271
275,275
275,282
275,285
275,293
275,301
275,302
275,317
275,321
275,323
275,329
275,334
275,336
275,337
275,340
275,341
275,342
275,349
275,354
275,356
275,358
275,363
275,365
275,367
275,368
275,369
275,371
275,372
275,373
275,378
275,379
275,384
275,386
275,387
275,392
275,394
275,395
275,397
275,398
275,402
275,403
275,406
275,409
275,410
275,411
275,412
275,413
275,414
275,415
275,416
275,417
275,419
275,420
275,421
275,422
275,423
275,424
275,425
275,426
275,427
275,428
276,171
276,172
276,173
276,174
276,176
276,181
276,184
276,186
276,187
276,188
276,191
276,192
276,194
276,195
276,197
276,198
276,199
276,200
276,208
276,222
276,237
276,244
276,254
276,255
276,257
276,259
276,261
276,267
276,286
276,287
276,291
276,306
276,308
276,315
276,317
276,326
276,335
276,339
276,341
276,344
276,349
276,359
276,363
276,365
276,368
276,371
276,377
276,378
276,380
276,381
276,383
276,388
276,389
276,392
276,393
276,397
276,398
276,400
276,402
276,403
276,404
276,408
276,412
276,413
276,414
276,415
276,416
276,417
276,418
276,419
276,420
276,421
276,422
276,423
276,425
277,172
277,173
277,174
277,175
277,176
277,177
277,178
277,179
277,180
277,183
277,184
277,185
277,189
277,190
277,191
277,192
277,193
277,194
277,196
277,197
277,198
277,199
277,203
277,205
277,206
277,207
277,208
277,214
277,244
277,248
277,259
277,265
277,271
277,273
277,277
277,288
277,311
277,325
277,326
277,329
277,340
277,346
277,349
277,353
277,360
277,361
277,364
277,372
277,373
277,377
277,379
277,382
277,383
277,386
277,387
277,391
277,393
277,394
277,395
277,396
277,397
277,398
277,401
277,408
277,409
277,410
277,411
277,412
277,413
277,416
277,418
277,419
277,420
277,421
277,422
277,423
277,424
278,171
278,172
278,173
278,174
278,175
278,176
278,177
278,178
278,179
278,180
278,181
278,182
278,183
278,184
278,185
278,186
278,188
278,190
278,191
278,193
278,194
278,195
278,196
278,197
278,198
278,200
278,202
278,203
278,206
278,225
278,230
278,257
278,258
278,259
278,264
278,268
278,270
278,271
278,276
278,279
278,291
278,308
278,312
278,313
278,317
278,318
278,319
278,337
278,338
278,339
278,353
278,357
278,362
278,367
278,370
278,371
278,375
278,378
278,379
278,382
278,395
278,396
278,397
278,398
278,399
278,402
278,406
278,407
278,409
278,410
278,411
278,413
278,416
278,417
278,418
278,419
278,421
278,422
278,423
278,424
278,425
279,169
279,170
279,171
279,172
279,173
279,174
279,175
279,177
279,178
279,179
279,180
279,183
279,184
279,185
279,186
279,187
279,190
279,191
279,193
279,195
279,197
279,199
279,200
279,201
279,202
279,205
279,206
279,208
279,209
279,210
279,212
279,218
279,256
279,261
279,264
279,267
279,274
279,276
279,279
279,280
279,283
279,294
279,312
279,313
279,315
279,316
279,347
279,355
279,357
279,358
279,359
279,362
279,374
279,377
279,380
279,383
279,384
279,385
279,386
279,387
279,388
279,389
279,391
279,393
279,394
279,395
279,399
279,402
279,404
279,405
279,406
279,408
279,411
279,413
279,414
279,415
279,418
279,419
279,420
279,421
279,422
279,423
279,424
280,167
280,168
280,169
280,170
280,171
280,172
280,173
280,175
280,178
280,179
280,180
280,187
280,191
280,193
280,195
280,196
280,197
280,198
280,201
280,207
280,209
280,210
280,213
280,217
280,225
280,255
280,261
280,269
280,275
280,287
280,295
280,298
280,300
280,301
280,303
280,304
280,312
280,313
280,316
280,320
280,322
280,324
280,341
280,352
280,356
280,363
280,364
280,366
280,367
280,382
280,386
280,389
280,391
280,392
280,394
280,396
280,397
280,400
280,401
280,403
280,404
280,405
280,407
280,408
280,409
280,411
280,413
280,414
280,415
280,416
280,417
280,418
280,419
280,420
280,421
280,422
280,423
280,424
280,425
280,426
281,165
281,167
281,168
281,169
281,170
281,171
281,172
281,173
281,174
281,175
281,178
281,179
281,181
281,189
281,191
281,193
281,194
281,195
281,196
281,198
281,201
281,202
281,204
281,209
281,210
281,213
281,214
281,215
281,220
281,226
281,231
281,245
281,249
281,268
281,269
281,274
281,280
281,284
281,288
281,295
281,302
281,310
281,311
281,315
281,319
281,321
281,328
281,331
281,338
281,344
281,352
281,355
281,361
281,366
281,371
281,372
281,378
281,380
281,387
281,388
281,391
281,398
281,399
281,402
281,403
281,406
281,407
281,408
281,409
281,410
281,412
281,413
281,414
281,415
281,417
281,418
281,421
281,422
281,423
281,424
281,425
282,166
282,167
282,168
282,169
282,170
282,171
282,172
282,173
282,175
282,180
282,182
282,183
282,185
282,187
282,189
282,190
282,193
282,194
282,195
282,197
282,202
282,206
282,207
282,208
282,209
282,210
282,211
282,214
282,215
282,218
282,220
282,221
282,222
282,224
282,230
282,231
282,234
282,235
282,236
282,238
282,242
282,254
282,257
282,277
282,279
282,292
282,295
282,300
282,309
282,322
282,324
282,325
282,326
282,330
282,339
282,350
282,353
282,354
282,359
282,361
282,362
282,363
282,364
282,366
282,372
282,385
282,387
282,391
282,392
282,393
282,394
282,395
282,396
282,398
282,399
282,400
282,405
282,406
282,408
282,410
282,411
282,412
282,414
282,415
282,416
282,417
282,418
282,421
282,422
282,423
282,424
282,425
282,428
282,429
283,168
283,169
283,170
283,171
283,172
283,173
283,174
283,175
283,177
283,179
283,180
283,181
283,183
283,184
283,187
283,188
283,189
283,192
283,193
283,194
283,195
283,197
283,200
283,206
283,210
283,211
283,213
283,217
283,219
283,220
283,225
283,227
283,228
283,229
283,233
283,234
283,257
283,263
283,276
283,286
283,287
283,288
283,289
283,290
283,294
283,301
283,302
283,308
283,315
283,318
283,321
283,323
283,333
283,347
283,353
283,354
283,362
283,363
283,368
283,370
283,373
283,376
283,383
283,384
283,385
283,393
283,394
283,396
283,398
283,400
283,401
283,403
283,404
283,405
283,406
283,407
283,408
283,409
283,410
283,411
283,412
283,413
283,414
283,415
283,418
283,420
283,421
283,422
283,423
283,425
283,426
283,427
283,428
283,429
283,430
284,168
284,169
284,170
284,171
284,172
284,173
284,175
284,179
284,180
284,181
284,182
284,183
284,184
284,185
284,187
284,194
284,195
284,196
284,197
284,198
284,199
284,200
284,201
284,203
284,205
284,208
284,213
284,214
284,219
284,227
284,230
284,243
284,256
284,259
284,261
284,270
284,272
284,274
284,276
284,283
284,288
284,310
284,315
284,325
284,341
284,343
284,344
284,350
284,355
284,358
284,360
284,362
284,365
284,373
284,375
284,378
284,379
284,380
284,381
284,383
284,384
284,387
284,391
284,393
284,400
284,402
284,403
284,404
284,405
284,406
284,408
284,409
284,410
284,411
284,413
284,414
284,415
284,418
284,420
284,421
284,423
284,424
284,425
284,426
284,427
284,428
284,429
285,171
285,172
285,173
285,174
285,175
285,176
285,177
285,178
285,180
285,181
285,182
285,183
285,184
285,185
285,187
285,188
285,190
285,193
285,201
285,204
285,209
285,211
285,217
285,222
285,225
285,227
285,235
285,238
285,241
285,247
285,248
285,262
285,265
285,276
285,278
285,298
285,303
285,318
285,320
285,331
285,337
285,348
285,350
285,357
285,358
285,359
285,361
285,367
285,379
285,380
285,381
285,384
285,386
285,389
285,391
285,393
285,394
285,395
285,396
285,397
285,398
285,400
285,401
285,402
285,404
285,405
285,406
285,407
285,410
285,411
285,412
285,414
285,415
285,417
285,418
285,419
285,420
285,421
285,422
285,423
285,424
285,425
285,426
285,427
285,428
286,168
286,169
286,171
286,172
286,173
286,174
286,175
286,176
286,178
286,179
286,180
286,182
286,184
286,185
286,186
286,187
286,188
286,189
286,191
286,192
286,196
286,197
286,199
286,200
286,204
286,207
286,208
286,210
286,214
286,215
286,224
286,227
286,232
286,235
286,236
286,241
286,245
286,246
286,247
286,249
286,251
286,252
286,255
286,256
286,258
286,261
286,267
286,272
286,273
286,279
286,281
286,296
286,298
286,300
286,314
286,316
286,319
286,320
286,325
286,330
286,333
286,340
286,345
286,353
286,355
286,362
286,363
286,374
286,376
286,378
286,380
286,386
286,391
286,392
286,393
286,394
286,395
286,396
286,398
286,401
286,405
286,406
286,407
286,409
286,412
286,413
286,414
286,415
286,416
286,417
286,419
286,420
286,422
286,423
286,424
286,425
286,426
286,427
286,428
286,429
286,430
287,166
287,167
287,168
287,169
287,170
287,171
287,172
287,173
287,174
287,175
287,176
287,177
287,178
287,179
287,180
287,182
287,183
287,184
287,185
287,186
287,187
287,188
287,189
287,191
287,192
287,194
287,196
287,200
287,209
287,210
287,211
287,212
287,216
287,217
287,219
287,222
287,225
287,228
287,232
287,241
287,262
287,276
287,289
287,291
287,301
287,308
287,310
287,315
287,330
287,335
287,336
287,338
287,350
287,356
287,363
287,373
287,375
287,378
287,380
287,383
287,385
287,387
287,390
287,391
287,395
287,396
287,397
287,400
287,404
287,405
287,406
287,407
287,408
287,409
287,412
287,413
287,415
287,417
287,420
287,421
287,422
287,423
287,424
287,425
287,426
287,427
287,428
288,166
288,167
288,168
288,169
288,170
288,171
288,172
288,174
288,175
288,176
288,177
288,178
288,180
288,181
288,183
288,184
288,185
288,186
288,187
288,188
288,189
288,192
288,193
288,194
288,196
288,198
288,199
288,201
288,203
288,209
288,210
288,216
288,226
288,227
288,228
288,229
288,245
288,250
288,260
288,263
288,265
288,267
288,271
288,274
288,277
288,286
288,294
288,295
288,300
288,302
288,312
288,317
288,318
288,348
288,349
288,360
288,366
288,376
288,384
288,387
288,388
288,391
288,394
288,397
288,399
288,401
288,403
288,404
288,405
288,406
288,407
288,409
288,410
288,412
288,413
288,416
288,417
288,418
288,419
288,421
288,422
288,423
288,424
288,425
288,426
288,427
288,428
288,429
288,430
289,168
289,171
289,174
289,175
289,176
289,177
289,178
289,179
289,180
289,181
289,182
289,183
289,184
289,185
289,186
289,187
289,188
289,189
289,190
289,191
289,192
289,197
289,198
289,201
289,213
289,223
289,225
289,229
289,231
289,236
289,238
289,239
289,240
289,249
289,250
289,252
289,260
289,263
289,273
289,281
289,283
289,285
289,288
289,293
289,298
289,301
289,302
289,306
289,347
289,355
289,358
289,361
289,364
289,367
289,369
289,371
289,375
289,380
289,384
289,390
289,391
289,393
289,394
289,396
289,397
289,398
289,399
289,403
289,404
289,409
289,410
289,412
289,414
289,415
289,416
289,417
289,418
289,419
289,420
289,421
289,422
289,423
289,424
289,425
289,426
289,427
289,428
289,429
289,430
289,431
290,168
290,169
290,171
290,172
290,173
290,174
290,175
290,176
290,177
290,178
290,179
290,182
290,183
290,185
290,186
290,187
290,188
290,189
290,193
290,195
290,197
290,198
290,200
290,202
290,204
290,207
290,214
290,218
290,219
290,220
290,223
290,228
290,231
290,232
290,239
290,249
290,255
290,271
290,273
290,275
290,278
290,293
290,311
290,319
290,332
290,345
290,346
290,347
290,350
290,360
290,364
290,367
290,368
290,370
290,373
290,375
290,377
290,383
290,389
290,394
290,395
290,398
290,399
290,400
290,402
290,404
290,406
290,408
290,412
290,413
290,415
290,416
290,417
290,420
290,422
290,423
290,424
290,426
290,427
290,428
290,429
290,430
290,431
291,168
291,170
291,171
291,172
291,173
291,174
291,175
291,176
291,177
291,178
291,179
291,180
291,181
291,182
291,183
291,184
291,186
291,188
291,190
291,191
291,194
291,198
291,200
291,201
291,202
291,209
291,213
291,218
291,221
291,222
291,223
291,224
291,225
291,229
291,236
291,238
291,252
291,257
291,258
291,259
291,265
291,272
291,275
291,279
291,288
291,310
291,318
291,341
291,350
291,351
291,355
291,356
291,361
291,366
291,367
291,368
291,373
291,375
291,377
291,383
291,384
291,386
291,388
291,389
291,392
291,394
291,398
291,399
291,400
291,401
291,402
291,404
291,406
291,407
291,408
291,414
291,417
291,419
291,421
291,422
291,424
291,426
291,427
291,428
291,429
291,430
291,431
291,432
292,165
292,166
292,167
292,168
292,169
292,170
292,171
292,172
292,174
292,175
292,176
292,178
292,179
292,180
292,184
292,186
292,187
292,189
292,190
292,192
292,193
292,200
292,203
292,206
292,209
292,210
292,218
292,219
292,220
292,222
292,225
292,227
292,229
292,231
292,236
292,237
292,238
292,249
292,266
292,279
292,282
292,296
292,304
292,311
292,318
292,321
292,322
292,327
292,340
292,347
292,358
292,360
292,363
292,366
292,368
292,372
292,375
292,377
292,378
292,379
292,386
292,387
292,389
292,394
292,397
292,399
292,401
292,405
292,406
292,408
292,411
292,413
292,414
292,415
292,417
292,419
292,420
292,421
292,423
292,424
292,425
292,426
292,427
292,428
292,431
292,432
292,433
293,164
293,165
293,166
293,167
293,168
293,169
293,170
293,171
293,172
293,173
293,174
293,175
293,176
293,177
293,179
293,180
293,186
293,188
293,207
293,209
293,213
293,217
293,220
293,221
293,224
293,225
293,227
293,228
293,229
293,230
293,232
293,233
293,236
293,245
293,248
293,249
293,258
293,282
293,287
293,307
293,321
293,324
293,325
293,326
293,335
293,336
293,349
293,362
293,374
293,389
293,390
293,391
293,394
293,398
293,401
293,403
293,407
293,408
293,410
293,412
293,414
293,416
293,418
293,420
293,421
293,423
293,424
293,425
293,426
293,428
293,429
293,430
293,431
293,432
293,433
294,165
294,167
294,168
294,169
294,170
294,171
294,172
294,173
294,174
294,175
294,177
294,179
294,180
294,181
294,184
294,185
294,186
294,189
294,191
294,195
294,201
294,204
294,206
294,219
294,228
294,233
294,235
294,236
294,240
294,241
294,244
294,252
294,253
294,254
294,257
294,258
294,265
294,267
294,274
294,288
294,294
294,300
294,311
294,323
294,344
294,347
294,348
294,349
294,352
294,368
294,373
294,378
294,381
294,382
294,385
294,386
294,391
294,394
294,396
294,399
294,401
294,402
294,403
294,404
294,406
294,407
294,410
294,413
294,414
294,416
294,418
294,421
294,423
294,424
294,425
294,426
294,427
294,428
294,430
294,431
294,432
294,433
295,164
295,165
295,166
295,167
295,168
295,169
295,170
295,171
295,172
295,173
295,174
295,176
295,177
295,178
295,179
295,183
295,184
295,189
295,191
295,192
295,193
295,199
295,209
295,211
295,214
295,215
295,221
295,225
295,230
295,234
295,239
295,241
295,244
295,247
295,255
295,261
295,272
295,281
295,282
295,292
295,305
295,310
295,312
295,326
295,334
295,343
295,345
295,358
295,363
295,365
295,366
295,367
295,374
295,378
295,380
295,383
295,386
295,388
295,392
295,396
295,397
295,398
295,407
295,408
295,410
295,412
295,413
295,417
295,418
295,420
295,421
295,422
295,425
295,426
295,427
295,428
295,429
295,430
295,431
295,432
295,433
295,434
295,436
296,164
296,165
296,166
296,167
296,168
296,169
296,170
296,171
296,172
296,173
296,174
296,176
296,178
296,180
296,181
296,189
296,191
296,192
296,193
296,194
296,195
296,201
296,202
296,203
296,209
296,214
296,216
296,226
296,227
296,228
296,229
296,233
296,235
296,238
296,246
296,247
296,248
296,256
296,266
296,271
296,279
296,292
296,299
296,306
296,311
296,320
296,328
296,336
296,339
296,342
296,344
296,345
296,348
296,351
296,366
296,368
296,369
296,370
296,373
296,375
296,376
296,378
296,384
296,388
296,390
296,394
296,403
296,404
296,408
296,411
296,413
296,414
296,415
296,416
296,417
296,418
296,419
296,421
296,422
296,423
296,425
296,427
296,428
296,430
296,431
296,432
296,433
296,434
296,435
296,436
296,437
297,163
297,164
297,165
297,166
297,167
297,168
297,169
297,170
297,171
297,172
297,173
297,174
297,175
297,176
297,178
297,180
297,181
297,182
297,183
297,184
297,185
297,186
297,188
297,189
297,190
297,192
297,194
297,196
297,198
297,199
297,206
297,207
297,213
297,216
297,218
297,222
297,227
297,229
297,233
297,243
297,244
297,260
297,263
297,271
297,276
297,283
297,293
297,317
297,324
297,344
297,346
297,356
297,369
297,373
297,380
297,383
297,385
297,395
297,398
297,400
297,408
297,411
297,413
297,414
297,425
297,426
297,427
297,428
297,429
297,430
297,431
297,432
297,433
297,434
297,435
297,436
297,437
297,438
298,162
298,163
298,164
298,165
298,166
298,167
298,168
298,170
298,171
298,172
298,173
298,174
298,176
298,178
298,179
298,180
298,181
298,182
298,184
298,185
298,186
298,187
298,189
298,190
298,192
298,196
298,197
298,202
298,204
298,205
298,209
298,211
298,213
298,214
298,217
298,218
298,222
298,223
298,229
298,231
298,233
298,234
298,235
298,250
298,258
298,259
298,261
298,269
298,282
298,287
298,294
298,300
298,306
298,314
298,325
298,328
298,331
298,337
298,340
298,343
298,349
298,355
298,364
298,376
298,378
298,379
298,382
298,384
298,385
298,388
298,390
298,395
298,397
298,401
298,405
298,411
298,412
298,420
298,421
298,427
298,428
298,429
298,430
298,431
298,432
298,433
298,434
298,435
298,436
298,437
298,438
299,162
299,163
299,164
299,165
299,167
299,168
299,169
299,170
299,171
299,176
299,177
299,179
299,180
299,181
299,182
299,183
299,184
299,185
299,186
299,188
299,190
299,191
299,192
299,195
299,197
299,202
299,203
299,208
299,209
299,211
299,214
299,217
299,220
299,224
299,225
299,232
299,233
299,235
299,243
299,249
299,252
299,253
299,256
299,260
299,264
299,274
299,278
299,308
299,314
299,323
299,335
299,338
299,347
299,348
299,356
299,359
299,362
299,366
299,370
299,371
299,376
299,381
299,384
299,385
299,386
299,388
299,390
299,391
299,393
299,401
299,402
299,409
299,411
299,429
299,430
299,431
299,433
300,161
300,162
300,164
300,165
300,166
300,167
300,168
300,169
300,170
300,171
300,172
300,174
300,175
300,176
300,177
300,178
300,180
300,181
300,182
300,183
300,184
300,185
300,186
300,187
300,188
300,190
300,192
300,195
300,197
300,199
300,200
300,201
300,202
300,206
300,208
300,212
300,224
300,226
300,228
300,229
300,230
300,234
300,237
300,240
300,252
300,256
300,258
300,259
300,273
300,288
300,293
300,298
300,304
300,313
300,316
300,323
300,326
300,338
300,343
300,344
300,345
300,349
300,350
300,351
300,354
300,357
300,359
300,360
300,365
300,366
300,370
300,371
300,372
300,378
300,379
300,380
300,386
300,387
300,390
300,400
300,404
300,413
300,417
300,430
300,431
300,432
300,433
300,434
301,162
301,163
301,164
301,165
301,166
301,167
301,168
301,170
301,171
301,172
301,174
301,175
301,176
301,178
301,181
301,182
301,186
301,188
301,189
301,191
301,192
301,193
301,196
301,200
301,203
301,205
301,207
301,215
301,221
301,241
301,249
301,256
301,263
301,264
301,268
301,269
301,270
301,282
301,285
301,308
301,309
301,312
301,334
301,346
301,348
301,349
301,353
301,360
301,362
301,364
301,369
301,370
301,380
301,381
301,382
301,384
301,388
301,390
301,393
301,395
301,398
301,401
301,402
301,403
301,412
301,413
301,423
301,432
302,161
302,162
302,163
302,164
302,165
302,167
302,168
302,169
302,170
302,172
302,173
302,174
302,176
302,181
302,182
302,184
302,187
302,188
302,190
302,195
302,201
302,205
302,206
302,208
302,211
302,213
302,218
302,220
302,222
302,223
302,224
302,225
302,226
302,228
302,230
302,247
302,251
302,252
302,255
302,257
302,275
302,278
302,282
302,326
302,328
302,329
302,330
302,338
302,340
302,344
302,355
302,360
302,369
302,371
302,372
302,374
302,375
302,376
302,382
302,384
302,385
302,387
302,390
302,392
302,393
302,396
302,400
302,416
302,425
303,167
303,168
303,169
303,171
303,172
303,173
303,174
303,175
303,176
303,178
303,181
303,183
303,184
303,185
303,186
303,187
303,190
303,193
303,194
303,195
303,198
303,199
303,201
303,204
303,208
303,209
303,214
303,216
303,231
303,236
303,242
303,249
303,251
303,259
303,260
303,263
303,268
303,270
303,288
303,293
303,298
303,301
303,303
303,312
303,313
303,322
303,331
303,334
303,348
303,351
303,355
303,357
303,358
303,362
303,364
303,366
303,367
303,370
303,373
303,379
303,384
303,386
303,387
303,389
303,390
303,391
303,392
303,394
303,398
303,400
303,401
303,408
303,414
303,425
304,164
304,165
304,166
304,167
304,169
304,170
304,171
304,172
304,174
304,175
304,177
304,178
304,179
304,180
304,181
304,182
304,183
304,185
304,187
304,190
304,193
304,194
304,196
304,199
304,201
304,203
304,205
304,206
304,213
304,218
304,221
304,222
304,224
304,227
304,230
304,231
304,239
304,242
304,251
304,253
304,257
304,258
304,264
304,269
304,277
304,297
304,306
304,322
304,327
304,332
304,333
304,352
304,358
304,360
304,361
304,366
304,367
304,373
304,374
304,375
304,381
304,391
304,392
304,393
304,394
304,399
304,400
304,401
304,402
304,404
304,405
304,406
304,412
304,413
304,415
305,164
305,165
305,166
305,167
305,168
305,170
305,171
305,173
305,174
305,175
305,176
305,177
305,178
305,180
305,181
305,188
305,192
305,193
305,194
305,195
305,198
305,200
305,202
305,213
305,214
305,215
305,218
305,224
305,230
305,234
305,243
305,251
305,252
305,264
305,273
305,278
305,289
305,290
305,291
305,293
305,307
305,308
305,321
305,329
305,348
305,351
305,358
305,359
305,363
305,364
305,365
305,367
305,368
305,371
305,376
305,377
305,378
305,379
305,380
305,381
305,383
305,384
305,390
305,393
305,394
305,396
305,397
305,398
305,400
305,401
305,402
305,404
305,408
305,409
305,411
305,413
305,414
305,415
305,427
306,164
306,165
306,166
306,167
306,168
306,170
306,171
306,172
306,173
306,174
306,176
306,177
306,178
306,179
306,180
306,181
306,183
306,184
306,185
306,186
306,187
306,188
306,190
306,192
306,194
306,197
306,199
306,200
306,201
306,206
306,214
306,215
306,217
306,220
306,221
306,222
306,225
306,229
306,253
306,271
306,277
306,279
306,295
306,298
306,301
306,323
306,328
306,337
306,338
306,345
306,346
306,358
306,361
306,364
306,368
306,375
306,376
306,377
306,378
306,380
306,385
306,386
306,387
306,388
306,389
306,395
306,397
306,398
306,402
306,403
306,404
306,406
306,407
306,409
306,410
306,411
306,412
306,413
306,414
306,419
306,420
307,162
307,163
307,164
307,166
307,167
307,168
307,169
307,172
307,173
307,174
307,175
307,176
307,177
307,178
307,181
307,183
307,184
307,185
307,187
307,190
307,193
307,195
307,196
307,197
307,200
307,201
307,203
307,205
307,217
307,221
307,224
307,230
307,234
307,249
307,254
307,260
307,272
307,273
307,276
307,299
307,303
307,307
307,308
307,312
307,314
307,327
307,330
307,332
307,335
307,336
307,339
307,341
307,348
307,352
307,359
307,362
307,367
307,370
307,381
307,382
307,383
307,384
307,388
307,389
307,390
307,393
307,395
307,396
307,397
307,402
307,405
307,406
307,407
307,408
307,409
307,411
307,420
308,165
308,166
308,167
308,168
308,169
308,170
308,171
308,173
308,174
308,176
308,177
308,178
308,180
308,181
308,182
308,183
308,186
308,187
308,188
308,189
308,190
308,193
308,197
308,198
308,201
308,202
308,204
308,208
308,210
308,211
308,217
308,221
308,228
308,233
308,237
308,240
308,244
308,247
308,249
308,251
308,255
308,266
308,280
308,281
308,286
308,287
308,295
308,306
308,310
308,313
308,314
308,320
308,322
308,324
308,325
308,332
308,335
308,336
308,344
308,349
308,351
308,354
308,356
308,362
308,364
308,365
308,367
308,372
308,376
308,377
308,378
308,380
308,382
308,384
308,388
308,389
308,390
308,393
308,395
308,396
308,397
308,401
308,402
308,404
308,405
308,407
308,408
308,410
308,411
308,412
308,416
308,420
308,421
309,164
309,165
309,166
309,167
309,168
309,169
309,170
309,171
309,172
309,173
309,174
309,176
309,180
309,181
309,183
309,184
309,187
309,188
309,189
309,190
309,192
309,194
309,196
309,203
309,205
309,208
309,214
309,218
309,219
309,220
309,221
309,226
309,227
309,229
309,230
309,233
309,234
309,240
309,246
309,249
309,252
309,255
309,257
309,267
309,269
309,271
309,285
309,295
309,302
309,305
309,306
309,310
309,312
309,313
309,315
309,335
309,341
309,344
309,352
309,355
309,358
309,361
309,364
309,370
309,375
309,377
309,380
309,383
309,387
309,389
309,390
309,395
309,397
309,398
309,400
309,403
309,404
309,405
309,406
309,407
309,409
309,410
309,412
309,413
309,414
309,417
309,418
309,419
309,420
309,421
309,422
309,423
309,425
309,427
310,165
310,166
310,167
310,168
310,169
310,170
310,171
310,173
310,174
310,175
310,176
310,179
310,180
310,181
310,183
310,184
310,185
310,186
310,187
310,194
310,195
310,196
310,198
310,199
310,203
310,204
310,205
310,206
310,207
310,211
310,212
310,213
310,223
310,226
310,228
310,232
310,236
310,238
310,241
310,244
310,251
310,252
310,257
310,264
310,273
310,274
310,279
310,324
310,328
310,342
310,356
310,358
310,367
310,369
310,374
310,376
310,382
310,383
310,384
310,386
310,387
310,396
310,397
310,398
310,402
310,403
310,404
310,405
310,406
310,409
310,411
310,412
310,413
310,414
310,417
310,418
310,420
310,421
310,422
310,423
310,424
310,425
310,426
311,165
311,166
311,167
311,168
311,169
311,170
311,172
311,173
311,174
311,175
311,177
311,178
311,180
311,181
311,182
311,183
311,185
311,186
311,187
311,191
311,192
311,193
311,196
311,198
311,199
311,204
311,209
311,210
311,212
311,214
311,216
311,222
311,224
311,225
311,227
311,228
311,232
311,233
311,235
311,237
311,240
311,242
311,243
311,251
311,257
311,259
311,270
311,274
311,278
311,279
311,280
311,320
311,330
311,338
311,339
311,354
311,358
311,359
311,371
311,373
311,375
311,377
311,379
311,382
311,383
311,385
311,389
311,391
311,392
311,393
311,397
311,399
311,405
311,410
311,411
311,414
311,416
311,419
311,420
311,421
311,423
311,424
311,425
311,426
312,165
312,166
312,167
312,168
312,170
312,171
312,172
312,173
312,174
312,175
312,177
312,179
312,180
312,181
312,184
312,185
312,187
312,188
312,190
312,192
312,195
312,196
312,199
312,200
312,204
312,206
312,208
312,212
312,213
312,214
312,218
312,223
312,225
312,228
312,236
312,241
312,257
312,275
312,281
312,285
312,286
312,290
312,299
312,300
312,303
312,305
312,306
312,331
312,342
312,350
312,366
312,369
312,371
312,372
312,373
312,376
312,378
312,379
312,382
312,384
312,385
312,386
312,390
312,391
312,393
312,396
312,399
312,400
312,402
312,403
312,404
312,405
312,407
312,408
312,410
312,411
312,415
312,416
312,417
312,418
312,420
312,421
312,423
312,424
312,425
313,161
313,162
313,163
313,165
313,166
313,167
313,168
313,169
313,172
313,173
313,175
313,176
313,179
313,180
313,181
313,182
313,184
313,186
313,187
313,189
313,190
313,191
313,198
313,199
313,202
313,206
313,208
313,211
313,219
313,220
313,223
313,227
313,228
313,231
313,232
313,233
313,234
313,236
313,239
313,244
313,248
313,257
313,261
313,263
313,266
313,270
313,272
313,280
313,281
313,297
313,300
313,303
313,330
313,332
313,337
313,345
313,347
313,350
313,357
313,363
313,364
313,369
313,370
313,376
313,379
313,381
313,383
313,391
313,394
313,395
313,396
313,397
313,398
313,399
313,400
313,401
313,407
313,408
313,409
313,410
313,411
313,412
313,413
313,414
313,415
313,416
313,417
313,418
313,419
313,420
313,422
313,423
313,424
313,425
313,426
314,165
314,166
314,167
314,169
314,170
314,171
314,172
314,174
314,175
314,178
314,179
314,180
314,181
314,182
314,183
314,186
314,187
314,189
314,192
314,193
314,194
314,196
314,197
314,200
314,203
314,204
314,206
314,207
314,208
314,209
314,210
314,211
314,214
314,216
314,218
314,219
314,220
314,225
314,227
314,231
314,232
314,238
314,241
314,242
314,247
314,250
314,253
314,258
314,261
314,265
314,270
314,272
314,274
314,277
314,279
314,280
314,283
314,285
314,296
314,328
314,334
314,336
314,341
314,347
314,352
314,353
314,354
314,360
314,362
314,364
314,365
314,369
314,371
314,373
314,375
314,376
314,379
314,384
314,386
314,389
314,392
314,396
314,398
314,405
314,406
314,407
314,408
314,410
314,413
314,414
314,416
314,417
314,418
314,419
314,420
314,421
314,422
314,423
314,424
314,425
315,166
315,168
315,170
315,171
315,172
315,173
315,174
315,175
315,177
315,178
315,179
315,181
315,182
315,183
315,184
315,186
315,187
315,188
315,190
315,191
315,194
315,195
315,196
315,200
315,202
315,203
315,206
315,207
315,211
315,212
315,213
315,216
315,219
315,221
315,222
315,223
315,228
315,229
315,231
315,233
315,234
315,235
315,241
315,245
315,246
315,248
315,256
315,258
315,263
315,273
315,274
315,278
315,302
315,312
315,318
315,320
315,322
315,325
315,327
315,331
315,340
315,343
315,356
315,357
315,361
315,362
315,363
315,367
315,370
315,371
315,372
315,374
315,375
315,378
315,379
315,380
315,385
315,386
315,387
315,389
315,391
315,393
315,395
315,396
315,397
315,399
315,400
315,401
315,403
315,405
315,406
315,407
315,408
315,409
315,411
315,412
315,413
315,415
315,417
315,418
315,419
315,420
315,421
315,422
315,423
316,167
316,168
316,169
316,170
316,171
316,172
316,173
316,174
316,177
316,178
316,179
316,180
316,181
316,182
316,183
316,185
316,186
316,189
316,190
316,192
316,194
316,195
316,196
316,202
316,203
316,204
316,207
316,210
316,211
316,212
316,217
316,218
316,219
316,220
316,221
316,223
316,240
316,245
316,246
316,249
316,261
316,269
316,270
316,276
316,282
316,287
316,292
316,309
316,317
316,322
316,325
316,333
316,335
316,336
316,348
316,351
316,356
316,362
316,367
316,370
316,371
316,373
316,375
316,383
316,386
316,387
316,391
316,393
316,395
316,397
316,398
316,400
316,401
316,402
316,404
316,405
316,408
316,410
316,411
316,412
316,413
316,414
316,415
316,416
316,417
316,418
316,419
316,421
316,422
317,166
317,167
317,168
317,169
317,170
317,171
317,172
317,173
317,175
317,176
317,179
317,180
317,181
317,183
317,185
317,186
317,190
317,191
317,192
317,194
317,198
317,200
317,201
317,204
317,206
317,207
317,208
317,211
317,212
317,220
317,222
317,225
317,226
317,230
317,243
317,244
317,251
317,253
317,254
317,258
317,259
317,270
317,272
317,282
317,288
317,292
317,300
317,310
317,312
317,318
317,322
317,326
317,327
317,336
317,339
317,344
317,357
317,360
317,368
317,372
317,380
317,384
317,385
317,386
317,387
317,388
317,390
317,391
317,392
317,393
317,397
317,398
317,400
317,401
317,402
317,403
317,404
317,405
317,406
317,407
317,410
317,413
317,414
317,415
317,416
317,417
317,418
317,419
317,420
317,421
318,168
318,169
318,170
318,171
318,172
318,173
318,174
318,175
318,176
318,178
318,179
318,180
318,182
318,183
318,184
318,185
318,186
318,188
318,189
318,190
318,191
318,192
318,194
318,195
318,196
318,198
318,199
318,200
318,201
318,206
318,208
318,209
318,210
318,213
318,218
318,219
318,220
318,222
318,224
318,227
318,229
318,251
318,256
318,257
318,267
318,273
318,274
318,275
318,276
318,295
318,296
318,302
318,303
318,319
318,322
318,335
318,337
318,346
318,347
318,348
318,352
318,355
318,361
318,363
318,367
318,368
318,370
318,377
318,382
318,385
318,388
318,389
318,390
318,392
318,393
318,395
318,397
318,398
318,400
318,401
318,402
318,403
318,404
318,405
318,406
318,407
318,408
318,409
318,410
318,411
318,412
318,413
318,414
318,416
318,417
318,418
318,419
318,420
318,421
318,422
318,423
318,424
319,169
319,170
319,171
319,172
319,173
319,174
319,176
319,177
319,178
319,180
319,181
319,182
319,183
319,186
319,187
319,188
319,192
319,196
319,197
319,198
319,200
319,201
319,202
319,204
319,213
319,219
319,220
319,223
319,225
319,226
319,228
319,229
319,230
319,233
319,235
319,243
319,253
319,262
319,264
319,278
319,280
319,285
319,289
319,312
319,325
319,332
319,335
319,341
319,343
319,344
319,349
319,351
319,362
319,363
319,367
319,368
319,371
319,373
319,374
319,377
319,380
319,384
319,386
319,388
319,390
319,396
319,400
319,402
319,403
319,404
319,406
319,408
319,410
319,416
319,418
319,419
319,420
319,421
319,423
319,424
319,425
320,170
320,171
320,172
320,173
320,174
320,175
320,176
320,177
320,178
320,179
320,181
320,182
320,184
320,185
320,187
320,189
320,190
320,192
320,193
320,194
320,197
320,201
320,204
320,206
320,209
320,210
320,213
320,215
320,216
320,217
320,223
320,225
320,228
320,230
320,231
320,233
320,240
320,242
320,243
320,244
320,246
320,254
320,258
320,262
320,275
320,280
320,295
320,296
320,302
320,313
320,322
320,335
320,337
320,361
320,369
320,375
320,378
320,381
320,382
320,383
320,389
320,390
320,393
320,396
320,397
320,398
320,400
320,401
320,402
320,405
320,407
320,408
320,409
320,412
320,416
320,418
320,419
320,420
320,421
320,422
321,171
321,172
321,174
321,175
321,177
321,178
321,179
321,180
321,181
321,182
321,184
321,185
321,186
321,188
321,189
321,190
321,191
321,192
321,193
321,194
321,196
321,197
321,198
321,199
321,200
321,202
321,203
321,205
321,207
321,211
321,212
321,213
321,214
321,218
321,219
321,220
321,222
321,223
321,225
321,229
321,230
321,232
321,242
321,246
321,248
321,249
321,254
321,258
321,259
321,269
321,270
321,273
321,276
321,285
321,286
321,287
321,296
321,299
321,301
321,309
321,332
321,343
321,346
321,349
321,351
321,352
321,357
321,359
321,365
321,368
321,371
321,377
321,381
321,383
321,384
321,385
321,386
321,387
321,391
321,397
321,398
321,399
321,400
321,406
321,407
321,411
321,413
321,414
321,415
321,416
321,417
321,418
321,419
321,420
321,421
321,422
322,175
322,176
322,177
322,178
322,179
322,180
322,181
322,182
322,185
322,188
322,189
322,190
322,191
322,192
322,193
322,194
322,195
322,197
322,199
322,200
322,201
322,202
322,204
322,206
322,211
322,212
322,213
322,214
322,219
322,220
322,226
322,227
322,228
322,231
322,232
322,234
322,235
322,238
322,240
322,246
322,251
322,253
322,254
322,255
322,258
322,260
322,263
322,267
322,270
322,282
322,294
322,295
322,313
322,315
322,326
322,327
322,341
322,344
322,345
322,347
322,349
322,354
322,356
322,358
322,362
322,363
322,364
322,365
322,369
322,371
322,375
322,378
322,379
322,380
322,383
322,389
322,392
322,396
322,397
322,399
322,405
322,406
322,407
322,408
322,409
322,411
322,412
322,414
322,416
322,417
322,418
322,419
322,420
322,421
322,422
323,176
323,177
323,178
323,179
323,180
323,182
323,189
323,190
323,191
323,192
323,194
323,196
323,198
323,199
323,201
323,202
323,203
323,207
323,208
323,209
323,210
323,211
323,214
323,215
323,218
323,221
323,222
323,224
323,228
323,231
323,233
323,238
323,239
323,242
323,243
323,247
323,248
323,260
323,284
323,292
323,305
323,307
323,312
323,313
323,315
323,319
323,330
323,344
323,352
323,353
323,359
323,367
323,376
323,379
323,380
323,382
323,384
323,385
323,388
323,389
323,390
323,391
323,392
323,395
323,397
323,398
323,399
323,400
323,402
323,404
323,405
323,406
323,407
323,409
323,412
323,413
323,416
323,418
323,420
323,421
323,422
323,423
323,424
324,178
324,184
324,187
324,188
324,189
324,190
324,191
324,192
324,193
324,195
324,196
324,202
324,204
324,205
324,207
324,208
324,210
324,211
324,212
324,215
324,216
324,218
324,221
324,224
324,230
324,235
324,240
324,241
324,244
324,246
324,252
324,254
324,255
324,257
324,273
324,278
324,289
324,290
324,291
324,293
324,294
324,298
324,299
324,304
324,319
324,325
324,327
324,328
324,329
324,342
324,344
324,345
324,346
324,349
324,352
324,356
324,360
324,362
324,364
324,365
324,367
324,369
324,374
324,375
324,376
324,385
324,386
324,388
324,389
324,392
324,394
324,396
324,397
324,398
324,400
324,401
324,402
324,403
324,404
324,405
324,406
324,407
324,408
324,410
324,412
324,415
324,417
324,418
324,419
324,420
324,421
324,422
325,187
325,188
325,189
325,190
325,191
325,192
325,193
325,194
325,195
325,196
325,197
325,198
325,199
325,200
325,201
325,204
325,207
325,210
325,216
325,224
325,225
325,226
325,228
325,230
325,231
325,233
325,234
325,238
325,239
325,240
325,241
325,243
325,245
325,249
325,251
325,255
325,256
325,257
325,258
325,262
325,265
325,270
325,272
325,287
325,288
325,291
325,296
325,298
325,305
325,306
325,309
325,319
325,321
325,331
325,337
325,340
325,342
325,344
325,356
325,361
325,363
325,365
325,366
325,371
325,372
325,376
325,377
325,378
325,379
325,381
325,383
325,386
325,387
325,389
325,395
325,397
325,398
325,399
325,404
325,406
325,407
325,408
325,409
325,410
325,411
325,412
325,414
325,415
325,416
325,417
325,418
325,419
325,420
325,421
325,422
325,423
325,424
325,425
326,187
326,188
326,189
326,191
326,193
326,194
326,195
326,197
326,198
326,200
326,202
326,203
326,205
326,206
326,207
326,210
326,211
326,212
326,215
326,216
326,217
326,218
326,222
326,223
326,229
326,231
326,234
326,235
326,236
326,237
326,238
326,239
326,243
326,246
326,248
326,251
326,253
326,260
326,261
326,262
326,292
326,293
326,296
326,303
326,305
326,316
326,318
326,330
326,334
326,337
326,341
326,349
326,350
326,359
326,361
326,365
326,368
326,372
326,373
326,376
326,381
326,384
326,390
326,391
326,392
326,393
326,394
326,395
326,398
326,400
326,402
326,403
326,404
326,405
326,406
326,409
326,411
326,412
326,413
326,414
326,415
326,416
326,418
326,419
326,420
326,421
326,422
326,423
326,424
327,182
327,183
327,184
327,185
327,186
327,188
327,191
327,192
327,195
327,196
327,197
327,200
327,201
327,202
327,207
327,208
327,209
327,210
327,211
327,212
327,214
327,215
327,218
327,219
327,221
327,222
327,228
327,230
327,231
327,232
327,234
327,235
327,237
327,238
327,240
327,242
327,250
327,251
327,253
327,269
327,271
327,277
327,278
327,281
327,283
327,289
327,294
327,308
327,314
327,317
327,320
327,324
327,333
327,340
327,341
327,352
327,354
327,360
327,361
327,362
327,364
327,365
327,366
327,368
327,371
327,372
327,374
327,377
327,383
327,385
327,388
327,389
327,390
327,391
327,392
327,396
327,398
327,401
327,402
327,403
327,405
327,408
327,410
327,412
327,414
327,415
327,416
327,417
327,418
327,419
327,420
327,421
327,422
327,423
328,184
328,185
328,187
328,189
328,190
328,191
328,192
328,195
328,196
328,198
328,200
328,202
328,204
328,206
328,207
328,213
328,216
328,217
328,222
328,223
328,224
328,226
328,228
328,229
328,234
328,238
328,242
328,243
328,245
328,252
328,258
328,259
328,261
328,267
328,273
328,278
328,279
328,281
328,290
328,298
328,304
328,305
328,306
328,312
328,314
328,320
328,321
328,322
328,330
328,331
328,334
328,337
328,343
328,345
328,351
328,356
328,358
328,359
328,360
328,363
328,364
328,367
328,371
328,375
328,378
328,379
328,380
328,381
328,383
328,384
328,389
328,390
328,393
328,395
328,396
328,400
328,401
328,403
328,404
328,406
328,410
328,411
328,412
328,414
328,416
328,417
328,418
328,419
328,420
328,421
328,422
328,423
328,424
329,187
329,188
329,191
329,192
329,194
329,195
329,197
329,200
329,201
329,203
329,204
329,205
329,206
329,207
329,208
329,209
329,212
329,214
329,216
329,217
329,219
329,221
329,224
329,225
329,228
329,230
329,232
329,234
329,242
329,244
329,258
329,262
329,274
329,275
329,276
329,279
329,281
329,283
329,297
329,308
329,317
329,332
329,333
329,336
329,341
329,350
329,351
329,354
329,357
329,361
329,362
329,364
329,375
329,378
329,379
329,380
329,383
329,384
329,388
329,396
329,397
329,399
329,400
329,403
329,405
329,407
329,408
329,409
329,412
329,413
329,415
329,416
329,417
329,418
329,419
329,420
329,421
329,422
330,185
330,186
330,187
330,188
330,189
330,191
330,192
330,193
330,194
330,195
330,196
330,197
330,198
330,201
330,202
330,203
330,204
330,206
330,208
330,209
330,211
330,212
330,213
330,215
330,216
330,219
330,220
330,221
330,223
330,224
330,226
330,228
330,229
330,230
330,231
330,232
330,234
330,236
330,237
330,245
330,247
330,255
330,258
330,261
330,263
330,266
330,273
330,276
330,279
330,286
330,287
330,290
330,293
330,296
330,302
330,306
330,312
330,325
330,332
330,341
330,343
330,344
330,345
330,348
330,349
330,350
330,351
330,352
330,355
330,357
330,363
330,365
330,369
330,371
330,372
330,374
330,375
330,376
330,378
330,380
330,383
330,384
330,385
330,390
330,391
330,394
330,397
330,401
330,402
330,403
330,406
330,407
330,408
330,409
330,410
330,412
330,414
330,415
330,416
330,417
330,420
330,421
331,187
331,188
331,189
331,191
331,193
331,194
331,195
331,197
331,198
331,199
331,201
331,202
331,203
331,204
331,205
331,206
331,209
331,210
331,211
331,212
331,213
331,215
331,217
331,219
331,222
331,223
331,224
331,225
331,227
331,230
331,232
331,233
331,234
331,237
331,238
331,239
331,240
331,244
331,245
331,249
331,255
331,256
331,258
331,260
331,261
331,262
331,265
331,282
331,291
331,295
331,299
331,302
331,305
331,308
331,311
331,313
331,321
331,335
331,343
331,345
331,346
331,358
331,359
331,365
331,366
331,368
331,370
331,375
331,378
331,379
331,382
331,384
331,389
331,390
331,391
331,394
331,395
331,396
331,397
331,400
331,402
331,407
331,412
331,413
331,415
331,416
331,418
331,419
331,420
331,422
331,423
332,184
332,185
332,186
332,187
332,188
332,189
332,190
332,191
332,192
332,193
332,194
332,195
332,196
332,197
332,198
332,199
332,200
332,202
332,203
332,204
332,205
332,206
332,207
332,209
332,210
332,214
332,216
332,218
332,219
332,220
332,221
332,223
332,225
332,226
332,227
332,228
332,229
332,232
332,236
332,239
332,244
332,256
332,259
332,265
332,266
332,274
332,288
332,296
332,299
332,309
332,317
332,319
332,322
332,330
332,331
332,340
332,343
332,344
332,350
332,351
332,353
332,356
332,357
332,359
332,360
332,362
332,363
332,365
332,366
332,380
332,384
332,388
332,390
332,393
332,396
332,398
332,399
332,400
332,401
332,403
332,405
332,406
332,407
332,408
332,410
332,411
332,412
332,413
332,414
332,415
332,416
332,417
332,419
332,420
332,421
333,185
333,186
333,187
333,188
333,189
333,190
333,191
333,192
333,193
333,194
333,195
333,196
333,197
333,198
333,200
333,202
333,203
333,205
333,207
333,209
333,212
333,214
333,216
333,217
333,218
333,220
333,222
333,224
333,227
333,231
333,240
333,251
333,254
333,261
333,264
333,265
333,266
333,272
333,291
333,303
333,306
333,312
333,315
333,318
333,324
333,327
333,337
333,346
333,355
333,358
333,362
333,364
333,367
333,369
333,373
333,374
333,376
333,377
333,382
333,390
333,395
333,396
333,397
333,398
333,399
333,400
333,401
333,402
333,403
333,404
333,407
333,408
333,411
333,412
333,413
333,414
333,417
333,419
333,420
333,421
333,422
334,186
334,188
334,189
334,191
334,192
334,193
334,194
334,195
334,196
334,197
334,198
334,199
334,200
334,201
334,202
334,205
334,206
334,207
334,208
334,209
334,210
334,211
334,212
334,214
334,217
334,221
334,222
334,223
334,225
334,228
334,231
334,233
334,236
334,240
334,241
334,245
334,248
334,260
334,269
334,271
334,272
334,276
334,278
334,279
334,280
334,282
334,283
334,287
334,294
334,304
334,306
334,315
334,319
334,320
334,321
334,323
334,327
334,338
334,339
334,340
334,343
334,351
334,354
334,355
334,357
334,364
334,371
334,372
334,373
334,376
334,379
334,382
334,383
334,388
334,390
334,392
334,393
334,396
334,397
334,398
334,401
334,402
334,404
334,405
334,406
334,407
334,408
334,409
334,411
334,421
335,186
335,187
335,188
335,189
335,190
335,191
335,192
335,193
335,194
335,195
335,196
335,197
335,199
335,200
335,201
335,202
335,203
335,204
335,205
335,208
335,212
335,217
335,218
335,219
335,220
335,223
335,226
335,227
335,228
335,230
335,231
335,232
335,234
335,236
335,238
335,240
335,257
335,263
335,267
335,279
335,294
335,305
335,306
335,307
335,308
335,311
335,312
335,320
335,331
335,334
335,336
335,338
335,340
335,344
335,354
335,360
335,361
335,364
335,365
335,366
335,371
335,373
335,376
335,382
335,383
335,389
335,390
335,391
335,395
335,396
335,397
335,398
335,399
335,400
335,402
335,404
335,406
335,407
335,408
335,409
335,410
335,411
335,413
335,414
335,415
335,416
335,417
335,418
335,419
335,420
336,189
336,190
336,191
336,192
336,193
336,194
336,195
336,196
336,197
336,198
336,200
336,201
336,202
336,203
336,204
336,205
336,206
336,207
336,208
336,209
336,210
336,211
336,212
336,213
336,217
336,219
336,220
336,223
336,224
336,225
336,226
336,227
336,230
336,234
336,235
336,245
336,250
336,254
336,255
336,257
336,259
336,264
336,266
336,267
336,272
336,274
336,280
336,286
336,294
336,308
336,324
336,327
336,331
336,338
336,343
336,344
336,348
336,349
336,358
336,359
336,361
336,362
336,363
336,366
336,367
336,368
336,369
336,377
336,378
336,380
336,381
336,382
336,383
336,384
336,385
336,390
336,392
336,393
336,394
336,396
336,398
336,399
336,400
336,402
336,404
336,405
336,406
336,407
336,408
336,411
336,412
336,413
336,414
336,415
336,416
336,417
336,418
336,419
337,191
337,193
337,194
337,196
337,197
337,198
337,199
337,202
337,203
337,204
337,205
337,206
337,208
337,209
337,210
337,211
337,212
337,213
337,214
337,215
337,216
337,217
337,229
337,234
337,239
337,253
337,254
337,264
337,265
337,266
337,267
337,276
337,279
337,286
337,294
337,298
337,303
337,307
337,309
337,310
337,314
337,322
337,325
337,331
337,334
337,339
337,342
337,343
337,345
337,348
337,350
337,352
337,353
337,354
337,356
337,360
337,361
337,365
337,367
337,369
337,373
337,380
337,381
337,382
337,384
337,385
337,386
337,393
337,395
337,396
337,399
337,400
337,401
337,402
337,403
337,404
337,405
337,406
337,408
337,409
337,410
337,412
337,413
337,414
337,415
337,416
337,417
337,418
337,419
337,420
338,194
338,195
338,196
338,197
338,198
338,199
338,200
338,202
338,205
338,209
338,210
338,211
338,214
338,220
338,230
338,238
338,245
338,246
338,247
338,251
338,254
338,257
338,260
338,266
338,269
338,271
338,272
338,274
338,277
338,286
338,292
338,299
338,300
338,302
338,304
338,309
338,314
338,331
338,335
338,336
338,338
338,340
338,344
338,346
338,349
338,350
338,354
338,355
338,358
338,359
338,365
338,366
338,373
338,375
338,380
338,381
338,385
338,386
338,387
338,389
338,393
338,396
338,398
338,400
338,402
338,403
338,404
338,405
338,406
338,407
338,408
338,409
338,410
338,411
338,412
338,413
338,414
338,415
338,416
338,417
338,418
338,419
339,196
339,197
339,198
339,199
339,201
339,202
339,203
339,205
339,206
339,207
339,210
339,211
339,213
339,216
339,225
339,230
339,236
339,243
339,245
339,257
339,262
339,267
339,269
339,271
339,272
339,275
339,277
339,278
339,280
339,281
339,284
339,285
339,297
339,300
339,306
339,314
339,318
339,327
339,331
339,339
339,347
339,349
339,352
339,354
339,360
339,361
339,362
339,363
339,369
339,375
339,381
339,383
339,386
339,388
339,389
339,390
339,394
339,395
339,396
339,400
339,401
339,403
339,404
339,405
339,407
339,408
339,409
339,411
339,412
339,414
339,416
339,417
339,418
339,419
339,420
339,421
339,422
340,197
340,198
340,200
340,201
340,202
340,203
340,204
340,206
340,212
340,213
340,224
340,237
340,243
340,249
340,251
340,258
340,259
340,269
340,270
340,273
340,274
340,275
340,282
340,283
340,284
340,285
340,296
340,297
340,298
340,302
340,306
340,308
340,310
340,313
340,322
340,326
340,330
340,332
340,337
340,346
340,350
340,352
340,354
340,355
340,357
340,360
340,365
340,366
340,368
340,371
340,372
340,374
340,375
340,378
340,379
340,380
340,383
340,385
340,387
340,388
340,392
340,394
340,397
340,400
340,401
340,402
340,403
340,404
340,405
340,406
340,408
340,410
340,412
340,413
340,414
340,415
340,420
341,199
341,202
341,203
341,208
341,212
341,220
341,223
341,224
341,226
341,227
341,234
341,235
341,245
341,246
341,251
341,254
341,255
341,260
341,261
341,262
341,266
341,267
341,274
341,280
341,282
341,292
341,301
341,305
341,314
341,325
341,329
341,341
341,343
341,344
341,345
341,350
341,353
341,357
341,359
341,360
341,361
341,363
341,364
341,365
341,367
341,371
341,373
341,376
341,379
341,380
341,382
341,383
341,384
341,385
341,387
341,388
341,389
341,393
341,396
341,397
341,398
341,399
341,400
341,401
341,402
341,403
341,404
341,405
341,406
341,407
341,408
341,409
341,410
341,411
341,412
341,414
341,415
341,416
342,208
342,209
342,210
342,212
342,217
342,219
342,225
342,234
342,240
342,242
342,244
342,246
342,251
342,255
342,258
342,260
342,267
342,271
342,274
342,285
342,295
342,298
342,299
342,301
342,306
342,309
342,314
342,330
342,333
342,334
342,335
342,336
342,338
342,340
342,341
342,343
342,345
342,347
342,351
342,359
342,360
342,361
342,366
342,368
342,373
342,374
342,376
342,378
342,380
342,382
342,384
342,387
342,390
342,391
342,393
342,394
342,395
342,396
342,397
342,398
342,399
342,401
342,402
342,403
342,404
342,405
342,406
342,408
342,411
343,217
343,232
343,233
343,237
343,240
343,241
343,246
343,258
343,259
343,263
343,267
343,270
343,271
343,273
343,276
343,277
343,279
343,280
343,296
343,298
343,302
343,305
343,307
343,309
343,313
343,315
343,316
343,325
343,331
343,332
343,334
343,336
343,343
343,345
343,348
343,352
343,353
343,355
343,358
343,359
343,361
343,363
343,365
343,368
343,370
343,372
343,376
343,379
343,380
343,381
343,383
343,386
343,388
343,389
343,390
343,391
343,394
343,395
343,396
343,397
343,399
343,401
343,402
343,403
343,404
343,405
343,406
343,408
344,206
344,207
344,218
344,222
344,235
344,241
344,247
344,250
344,263
344,268
344,269
344,272
344,275
344,276
344,283
344,285
344,296
344,302
344,307
344,308
344,310
344,315
344,319
344,321
344,323
344,324
344,330
344,332
344,339
344,342
344,343
344,349
344,350
344,351
344,352
344,354
344,356
344,360
344,362
344,363
344,364
344,367
344,368
344,371
344,372
344,373
344,376
344,379
344,380
344,381
344,383
344,387
344,388
344,389
344,391
344,392
344,395
344,398
344,399
344,401
344,402
344,403
344,405
344,406
344,408
344,409
344,410
344,411
344,412
345,207
345,224
345,225
345,226
345,236
345,241
345,245
345,246
345,250
345,254
345,262
345,266
345,270
345,273
345,279
345,297
345,309
345,314
345,319
345,326
345,327
345,330
345,331
345,340
345,342
345,343
345,345
345,351
345,354
345,355
345,356
345,359
345,363
345,364
345,365
345,370
345,372
345,375
345,376
345,379
345,380
345,382
345,383
345,385
345,387
345,388
345,390
345,391
345,392
345,393
345,394
345,395
345,396
345,397
345,399
345,400
345,401
345,403
345,404
345,405
345,406
345,407
345,408
345,409
345,410
345,411
345,412
345,413
345,414
345,415
346,205
346,209
346,215
346,222
346,223
346,244
346,248
346,257
346,263
346,266
346,269
346,270
346,274
346,279
346,281
346,294
346,300
346,301
346,304
346,305
346,306
346,307
346,311
346,316
346,326
346,332
346,337
346,338
346,340
346,347
346,351
346,353
346,355
346,356
346,361
346,363
346,366
346,367
346,369
346,370
346,371
346,372
346,373
346,374
346,375
346,376
346,378
346,380
346,382
346,383
346,384
346,387
346,388
346,389
346,391
346,393
346,394
346,395
346,396
346,398
346,399
346,400
346,401
346,402
346,404
346,405
346,406
346,407
346,408
346,409
346,411
346,412
346,413
346,414
347,215
347,219
347,224
347,230
347,231
347,233
347,234
347,236
347,239
347,242
347,249
347,250
347,252
347,255
347,260
347,264
347,265
347,274
347,275
347,279
347,285
347,296
347,301
347,304
347,305
347,306
347,308
347,311
347,313
347,320
347,323
347,325
347,328
347,339
347,344
347,345
347,346
347,349
347,354
347,355
347,358
347,367
347,368
347,369
347,370
347,375
347,376
347,379
347,381
347,382
347,383
347,384
347,387
347,389
347,392
347,393
347,395
347,396
347,397
347,398
347,399
347,401
347,402
347,403
347,404
347,405
347,407
347,408
347,409
347,410
347,411
348,223
348,226
348,228
348,231
348,233
348,234
348,241
348,250
348,256
348,258
348,259
348,264
348,266
348,267
348,268
348,269
348,273
348,279
348,281
348,283
348,284
348,294
348,296
348,299
348,301
348,303
348,305
348,306
348,307
348,308
348,313
348,314
348,338
348,343
348,345
348,350
348,351
348,352
348,353
348,358
348,360
348,361
348,362
348,363
348,364
348,365
348,366
348,367
348,369
348,370
348,373
348,377
348,378
348,381
348,382
348,383
348,384
348,385
348,391
348,392
348,393
348,395
348,398
348,401
348,402
348,403
348,405
348,406
348,407
348,408
348,409
348,410
348,411
349,218
349,227
349,243
349,245
349,256
349,257
349,260
349,267
349,273
349,277
349,280
349,294
349,300
349,302
349,303
349,309
349,312
349,313
349,314
349,322
349,325
349,326
349,329
349,333
349,334
349,335
349,338
349,339
349,340
349,343
349,345
349,347
349,349
349,350
349,354
349,355
349,364
349,365
349,366
349,369
349,370
349,371
349,376
349,377
349,378
349,379
349,380
349,381
349,383
349,384
349,386
349,387
349,388
349,391
349,401
349,402
349,404
349,405
349,406
349,407
349,408
349,409
349,410
349,411
349,412
350,211
350,215
350,218
350,224
350,226
350,230
350,233
350,243
350,247
350,258
350,261
350,262
350,263
350,265
350,271
350,276
350,281
350,299
350,304
350,305
350,309
350,311
350,315
350,316
350,318
350,328
350,329
350,333
350,335
350,336
350,340
350,350
350,351
350,353
350,355
350,357
350,361
350,362
350,364
350,365
350,368
350,371
350,372
350,373
350,374
350,375
350,376
350,377
350,378
350,379
350,380
350,381
350,382
350,383
350,384
350,385
350,386
350,387
350,391
350,395
350,396
350,406
350,407
350,408
350,409
350,410
350,411
351,212
351,233
351,235
351,237
351,242
351,245
351,265
351,266
351,268
351,270
351,271
351,275
351,280
351,282
351,285
351,302
351,304
351,306
351,313
351,315
351,325
351,326
351,327
351,329
351,332
351,333
351,336
351,339
351,340
351,342
351,343
351,347
351,348
351,349
351,352
351,355
351,360
351,363
351,367
351,368
351,369
351,371
351,372
351,373
351,375
351,377
351,378
351,379
351,380
351,382
351,383
351,385
351,386
351,389
351,391
351,396
351,397
351,406
351,407
351,408
352,212
352,241
352,244
352,247
352,256
352,257
352,260
352,261
352,265
352,266
352,267
352,268
352,272
352,273
352,276
352,279
352,281
352,285
352,307
352,309
352,319
352,324
352,325
352,328
352,331
352,334
352,337
352,338
352,339
352,340
352,341
352,343
352,346
352,347
352,348
352,352
352,353
352,354
352,360
352,361
352,362
352,363
352,364
352,366
352,368
352,369
352,370
352,371
352,373
352,374
352,375
352,376
352,377
352,380
352,381
352,383
352,384
352,385
352,386
352,387
352,388
352,389
352,392
352,400
352,402
352,404
352,406
353,216
353,225
353,229
353,232
353,246
353,249
353,250
353,255
353,256
353,257
353,262
353,263
353,264
353,265
353,266
353,268
353,270
353,276
353,277
353,280
353,283
353,299
353,303
353,305
353,309
353,311
353,318
353,320
353,323
353,338
353,339
353,340
353,348
353,349
353,351
353,352
353,358
353,359
353,361
353,367
353,370
353,372
353,374
353,377
353,381
353,382
353,383
353,384
353,385
353,387
353,389
353,395
354,221
354,223
354,229
354,245
354,249
354,251
354,252
354,253
354,254
354,258
354,263
354,264
354,266
354,267
354,269
354,271
354,273
354,274
354,275
354,278
354,279
354,304
354,306
354,312
354,317
354,324
354,325
354,326
354,328
354,332
354,335
354,337
354,338
354,345
354,347
354,348
354,350
354,351
354,352
354,354
354,355
354,359
354,360
354,362
354,364
354,365
354,366
354,368
354,370
354,371
354,372
354,373
354,374
354,375
354,376
354,377
354,380
354,381
354,382
354,384
354,385
354,386
354,388
354,393
354,399
355,219
355,221
355,222
355,241
355,243
355,244
355,248
355,249
355,250
355,255
355,257
355,258
355,261
355,264
355,271
355,272
355,274
355,292
355,304
355,305
355,306
355,307
355,312
355,314
355,319
355,322
355,324
355,325
355,326
355,331
355,333
355,336
355,337
355,338
355,340
355,343
355,347
355,348
355,349
355,351
355,352
355,354
355,355
355,358
355,360
355,361
355,363
355,364
355,365
355,368
355,369
355,370
355,371
355,372
355,376
355,377
355,380
355,381
355,383
355,385
355,386
355,387
355,388
355,390
355,391
355,392
355,404
356,221
356,226
356,231
356,237
356,240
356,241
356,242
356,244
356,245
356,246
356,248
356,249
356,250
356,252
356,254
356,258
356,261
356,263
356,265
356,269
356,270
356,272
356,274
356,275
356,277
356,279
356,285
356,302
356,305
356,306
356,309
356,310
356,315
356,323
356,327
356,328
356,329
356,333
356,334
356,335
356,339
356,343
356,344
356,346
356,347
356,348
356,352
356,353
356,354
356,355
356,356
356,357
356,359
356,361
356,362
356,363
356,364
356,366
356,368
356,369
356,371
356,372
356,373
356,374
356,375
356,376
356,379
356,380
356,381
356,382
356,383
356,384
356,385
356,386
356,388
356,389
356,390
356,391
356,392
356,393
357,222
357,223
357,224
357,225
357,227
357,228
357,229
357,230
357,231
357,234
357,235
357,237
357,238
357,239
357,240
357,243
357,247
357,248
357,249
357,250
357,254
357,259
357,260
357,261
357,262
357,263
357,266
357,269
357,285
357,303
357,305
357,306
357,308
357,310
357,311
357,312
357,317
357,318
357,322
357,325
357,328
357,330
357,335
357,336
357,338
357,339
357,340
357,341
357,342
357,345
357,347
357,348
357,349
357,354
357,357
357,359
357,360
357,363
357,364
357,365
357,366
357,367
357,368
357,369
357,372
357,375
357,376
357,380
357,383
357,384
357,385
357,386
357,387
357,388
357,389
357,390
357,392
357,393
357,394
357,395
358,218
358,220
358,221
358,223
358,224
358,226
358,230
358,233
358,236
358,237
358,240
358,241
358,242
358,244
358,245
358,246
358,248
358,249
358,250
358,251
358,252
358,253
358,254
358,255
358,259
358,260
358,262
358,263
358,264
358,268
358,273
358,314
358,316
358,326
358,329
358,330
358,337
358,340
358,342
358,343
358,348
358,350
358,351
358,354
358,355
358,357
358,359
358,360
358,361
358,362
358,364
358,366
358,369
358,371
358,372
358,374
358,375
358,376
358,377
358,386
358,388
358,389
358,390
358,391
358,392
358,393
358,394
358,396
359,220
359,221
359,222
359,223
359,224
359,225
359,227
359,229
359,231
359,232
359,234
359,235
359,237
359,239
359,240
359,241
359,242
359,243
359,246
359,247
359,249
359,250
359,251
359,253
359,255
359,256
359,257
359,258
359,259
359,260
359,261
359,265
359,267
359,269
359,270
359,271
359,291
359,310
359,323
359,324
359,327
359,329
359,333
359,334
359,335
359,336
359,338
359,339
359,340
359,341
359,342
359,344
359,346
359,348
359,349
359,352
359,353
359,354
359,356
359,360
359,361
359,362
359,365
359,366
359,368
359,369
359,370
359,371
359,372
359,373
359,374
359,375
359,376
359,378
359,386
359,387
359,388
359,389
359,390
359,391
359,392
359,393
359,394
359,395
359,396
360,219
360,220
360,221
360,222
360,223
360,224
360,225
360,226
360,227
360,228
360,229
360,230
360,231
360,232
360,233
360,235
360,237
360,238
360,239
360,241
360,242
360,243
360,244
360,246
360,247
360,248
360,249
360,250
360,251
360,253
360,254
360,256
360,259
360,260
360,262
360,264
360,266
360,267
360,268
360,271
360,272
360,273
360,278
360,310
360,311
360,312
360,318
360,326
360,328
360,329
360,333
360,334
360,335
360,336
360,340
360,343
360,344
360,345
360,346
360,347
360,350
360,352
360,353
360,356
360,357
360,359
360,360
360,361
360,362
360,363
360,368
360,369
360,370
360,372
360,373
360,375
360,376
360,378
360,379
360,387
360,388
360,389
360,390
360,391
360,392
360,393
360,394
360,395
361,218
361,219
361,220
361,223
361,225
361,226
361,227
361,228
361,229
361,231
361,234
361,235
361,236
361,240
361,242
361,245
361,246
361,249
361,250
361,251
361,254
361,255
361,257
361,258
361,260
361,261
361,262
361,263
361,264
361,267
361,269
361,270
361,291
361,312
361,318
361,320
361,321
361,322
361,326
361,328
361,333
361,335
361,341
361,345
361,346
361,347
361,349
361,351
361,352
361,354
361,355
361,358
361,359
361,363
361,368
361,369
361,370
361,371
361,372
361,373
361,374
361,375
361,376
361,377
361,380
361,381
361,389
361,391
361,392
362,222
362,223
362,225
362,226
362,227
362,229
362,230
362,231
362,232
362,234
362,235
362,236
362,237
362,239
362,240
362,241
362,244
362,245
362,246
362,247
362,248
362,249
362,250
362,254
362,255
362,256
362,257
362,259
362,261
362,262
362,263
362,266
362,267
362,268
362,271
362,293
362,294
362,313
362,321
362,323
362,326
362,329
362,330
362,331
362,333
362,334
362,336
362,338
362,340
362,341
362,342
362,343
362,344
362,346
362,347
362,348
362,350
362,353
362,362
362,363
362,364
362,367
362,370
362,371
362,374
362,375
362,376
362,378
362,379
362,380
362,381
362,382
362,383
363,219
363,220
363,221
363,222
363,223
363,224
363,225
363,226
363,227
363,228
363,229
363,230
363,231
363,232
363,234
363,235
363,236
363,237
363,238
363,239
363,240
363,241
363,242
363,243
363,246
363,247
363,248
363,251
363,252
363,254
363,255
363,258
363,259
363,261
363,262
363,263
363,265
363,267
363,268
363,269
363,272
363,273
363,275
363,288
363,313
363,316
363,321
363,326
363,327
363,328
363,330
363,334
363,337
363,338
363,341
363,344
363,346
363,347
363,352
363,353
363,360
363,361
363,362
363,363
363,365
363,366
363,367
363,368
363,369
363,370
363,371
363,372
363,373
363,374
363,375
363,376
363,377
363,378
363,379
363,380
363,381
363,383
364,219
364,220
364,221
364,222
364,223
364,224
364,225
364,230
364,231
364,232
364,233
364,235
364,236
364,237
364,239
364,240
364,241
364,242
364,245
364,246
364,247
364,249
364,253
364,254
364,255
364,256
364,257
364,258
364,259
364,260
364,261
364,262
364,265
364,267
364,270
364,271
364,273
364,275
364,304
364,321
364,326
364,327
364,336
364,337
364,338
364,339
364,340
364,351
364,352
364,353
364,359
364,362
364,363
364,364
364,365
364,366
364,367
364,368
364,369
364,371
364,372
364,374
364,375
364,376
364,378
364,379
364,380
364,381
364,382
365,220
365,221
365,222
365,223
365,224
365,227
365,228
365,229
365,230
365,232
365,233
365,234
365,240
365,241
365,242
365,244
365,245
365,246
365,247
365,248
365,256
365,257
365,258
365,259
365,261
365,262
365,263
365,264
365,265
365,268
365,269
365,271
365,273
365,275
365,316
365,320
365,321
365,322
365,323
365,325
365,326
365,331
365,336
365,338
365,342
365,343
365,344
365,345
365,346
365,349
365,352
365,353
365,357
365,364
365,366
365,367
365,368
365,369
365,371
365,372
365,374
365,375
365,376
365,377
365,378
365,379
365,381
365,382
365,383
366,228
366,230
366,231
366,233
366,240
366,241
366,243
366,244
366,245
366,246
366,247
366,248
366,249
366,251
366,255
366,257
366,258
366,260
366,261
366,262
366,264
366,268
366,269
366,270
366,271
366,273
366,305
366,315
366,316
366,326
366,332
366,340
366,341
366,342
366,346
366,347
366,348
366,349
366,350
366,354
366,355
366,356
366,357
366,360
366,361
366,367
366,368
366,370
366,371
366,372
366,375
366,376
366,377
366,378
366,379
366,381
366,382
367,229
367,231
367,242
367,243
367,244
367,245
367,246
367,247
367,248
367,249
367,250
367,251
367,252
367,253
367,256
367,257
367,258
367,260
367,264
367,268
367,270
367,271
367,274
367,299
367,321
367,326
367,327
367,333
367,340
367,341
367,342
367,344
367,347
367,348
367,349
367,352
367,354
367,355
367,356
367,358
367,359
367,360
367,361
367,363
367,365
367,367
367,369
367,370
367,371
367,372
367,373
367,374
367,375
367,376
367,377
367,378
367,379
367,380
367,381
368,240
368,241
368,242
368,243
368,244
368,246
368,247
368,248
368,250
368,251
368,252
368,253
368,258
368,259
368,260
368,262
368,263
368,264
368,265
368,268
368,269
368,273
368,274
368,281
368,292
368,315
368,319
368,326
368,329
368,339
368,340
368,341
368,343
368,344
368,345
368,346
368,348
368,349
368,350
368,351
368,352
368,353
368,355
368,356
368,357
368,358
368,360
368,361
368,366
368,367
368,369
368,371
368,372
368,373
368,375
368,376
369,237
369,238
369,239
369,240
369,241
369,242
369,244
369,245
369,246
369,247
369,248
369,249
369,251
369,252
369,253
369,254
369,255
369,256
369,258
369,259
369,260
369,262
369,263
369,264
369,266
369,267
369,268
369,271
369,282
369,295
369,318
369,320
369,321
369,322
369,324
369,325
369,326
369,327
369,328
369,330
369,340
369,343
369,346
369,347
369,349
369,351
369,352
369,353
369,355
369,356
369,357
369,358
369,359
369,360
369,361
369,362
369,363
369,366
369,367
369,368
369,369
369,370
369,371
369,372
369,373
369,374
370,238
370,239
370,240
370,241
370,242
370,244
370,245
370,246
370,247
370,248
370,249
370,250
370,251
370,252
370,253
370,255
370,256
370,257
370,258
370,259
370,260
370,261
370,262
370,263
370,264
370,265
370,267
370,270
370,280
370,303
370,317
370,318
370,319
370,321
370,324
370,325
370,326
370,328
370,332
370,336
370,340
370,341
370,342
370,343
370,344
370,350
370,351
370,352
370,354
370,355
370,356
370,358
370,359
370,360
370,362
370,364
370,366
370,367
370,369
370,370
370,372
370,373
370,374
370,375
370,376
370,377
370,378
371,241
371,242
371,243
371,246
371,247
371,249
371,250
371,252
371,254
371,255
371,256
371,257
371,258
371,260
371,262
371,263
371,265
371,267
371,268
371,269
371,326
371,331
371,340
371,342
371,344
371,346
371,347
371,348
371,349
371,351
371,352
371,356
371,357
371,358
371,359
371,360
371,361
371,362
371,364
371,365
371,366
371,367
371,368
371,369
371,370
371,371
371,372
371,373
371,374
371,375
371,376
372,240
372,242
372,243
372,246
372,247
372,248
372,249
372,250
372,251
372,252
372,253
372,254
372,255
372,256
372,257
372,258
372,259
372,260
372,261
372,262
372,263
372,267
372,268
372,270
372,300
372,315
372,326
372,333
372,336
372,341
372,343
372,344
372,346
372,347
372,348
372,349
372,350
372,351
372,353
372,355
372,356
372,358
372,359
372,360
372,361
372,362
372,363
372,364
372,365
372,366
372,367
372,368
372,369
372,370
372,371
372,372
372,373
373,241
373,243
373,244
373,245
373,246
373,247
373,248
373,249
373,250
373,252
373,253
373,254
373,255
373,256
373,257
373,259
373,263
373,264
373,266
373,267
373,268
373,274
373,322
373,341
373,343
373,345
373,346
373,348
373,349
373,351
373,353
373,354
373,355
373,356
373,357
373,358
373,360
373,361
373,362
373,363
373,364
373,365
373,366
373,367
373,368
374,245
374,246
374,247
374,248
374,249
374,250
374,252
374,253
374,254
374,256
374,258
374,259
374,261
374,262
374,263
374,264
374,265
374,266
374,268
374,287
374,297
374,323
374,343
374,345
374,346
374,347
374,348
374,349
374,350
374,352
374,353
374,354
374,356
374,358
374,359
374,360
374,362
374,363
374,364
374,365
374,366
374,367
374,368
374,369
375,247
375,248
375,249
375,251
375,252
375,253
375,257
375,259
375,260
375,261
375,262
375,263
375,264
375,265
375,266
375,267
375,286
375,288
375,331
375,332
375,340
375,345
375,347
375,348
375,349
375,350
375,352
375,353
375,354
375,357
375,359
375,361
375,362
375,363
375,364
375,365
375,366
375,367
375,368
375,369
376,248
376,249
376,250
376,251
376,252
376,253
376,254
376,255
376,256
376,257
376,259
376,260
376,261
376,262
376,263
376,264
376,266
376,267
376,288
376,332
376,345
376,346
376,347
376,348
376,349
376,350
376,351
376,352
376,353
376,354
376,355
376,356
376,357
376,359
376,360
376,362
376,364
376,365
376,366
376,367
376,368
376,369
377,250
377,251
377,252
377,253
377,254
377,255
377,256
377,257
377,258
377,259
377,260
377,261
377,264
377,336
377,344
377,345
377,346
377,347
377,349
377,350
377,351
377,352
377,353
377,354
377,355
377,356
377,358
377,359
377,360
377,361
377,362
377,363
377,365
377,367
377,368
378,251
378,253
378,254
378,255
378,256
378,257
378,260
378,262
378,263
378,264
378,265
378,266
378,267
378,275
378,287
378,333
378,344
378,345
378,346
378,347
378,348
378,349
378,350
378,351
378,352
378,353
378,354
378,355
378,356
378,357
378,358
378,359
378,360
378,361
378,362
378,363
378,364
378,367
378,370
378,371
378,372
379,252
379,253
379,254
379,255
379,256
379,257
379,258
379,260
379,262
379,263
379,264
379,265
379,266
379,267
379,273
379,294
379,334
379,341
379,343
379,344
379,345
379,346
379,347
379,348
379,349
379,350
379,351
379,352
379,353
379,354
379,355
379,356
379,357
379,358
379,359
379,360
379,362
379,363
379,364
379,365
379,368
379,369
380,252
380,253
380,254
380,255
380,257
380,258
380,259
380,260
380,261
380,262
380,263
380,264
380,265
380,266
380,294
380,343
380,344
380,345
380,346
380,347
380,348
380,349
380,350
380,351
380,352
380,353
380,354
380,355
380,356
380,357
380,358
380,359
380,360
380,361
380,362
380,363
380,364
380,365
380,367
380,368
381,251
381,252
381,253
381,254
381,255
381,256
381,257
381,258
381,260
381,261
381,262
381,263
381,264
381,265
381,266
381,274
381,293
381,297
381,331
381,343
381,344
381,345
381,346
381,347
381,348
381,349
381,351
381,352
381,353
381,354
381,357
381,358
381,359
381,362
381,363
381,364
382,253
382,256
382,259
382,260
382,261
382,262
382,263
382,264
382,265
382,266
382,287
382,290
382,291
382,294
382,300
382,306
382,344
382,346
382,363
383,264
383,265
383,266
383,272
383,281
384,266
384,267
384,275
384,304
385,276
385,287
385,299
386,274
386,279
386,306
387,307
389,307
389,309
