0,0
211,329
211,330
212,324
212,325
212,329
212,330
212,331
212,332
212,333
213,303
213,304
213,305
213,306
213,325
213,327
213,328
213,329
213,330
213,331
213,332
214,281
214,300
214,301
214,302
214,303
214,304
214,306
214,325
214,327
214,328
214,329
214,330
214,331
215,279
215,280
215,281
215,282
215,284
215,286
215,287
215,288
215,299
215,300
215,301
215,303
215,305
215,306
215,328
215,329
215,330
215,331
216,275
216,277
216,278
216,279
216,280
216,281
216,282
216,283
216,284
216,285
216,286
216,287
216,288
216,289
216,297
216,300
216,301
216,302
216,303
216,304
216,306
216,317
216,328
217,274
217,275
217,276
217,277
217,279
217,280
217,281
217,282
217,283
217,284
217,285
217,286
217,287
217,288
217,289
217,290
217,291
217,292
217,300
217,301
217,302
217,303
217,304
217,305
217,306
217,324
218,257
218,258
218,259
218,260
218,266
218,267
218,271
218,272
218,273
218,274
218,275
218,276
218,277
218,279
218,280
218,281
218,282
218,283
218,284
218,286
218,287
218,288
218,291
218,292
218,300
218,301
218,303
218,304
218,310
218,319
218,334
218,335
218,337
218,338
218,339
218,340
219,257
219,258
219,259
219,260
219,261
219,262
219,264
219,265
219,266
219,267
219,270
219,271
219,272
219,273
219,274
219,277
219,278
219,279
219,280
219,282
219,283
219,285
219,286
219,287
219,288
219,291
219,302
219,303
219,304
219,307
219,308
219,309
219,314
219,315
219,316
219,319
219,338
219,339
219,340
219,341
219,343
219,346
220,255
220,256
220,257
220,258
220,259
220,260
220,262
220,263
220,264
220,265
220,266
220,267
220,270
220,271
220,272
220,273
220,274
220,275
220,276
220,278
220,279
220,280
220,281
220,283
220,286
220,287
220,291
220,292
220,294
220,305
220,306
220,309
220,310
220,314
220,315
220,321
220,324
220,325
220,327
220,329
220,332
220,334
220,338
220,339
220,341
220,342
220,343
220,344
220,345
220,346
220,347
220,349
220,350
221,250
221,251
221,252
221,253
221,254
221,255
221,256
221,257
221,258
221,259
221,263
221,264
221,265
221,266
221,267
221,270
221,272
221,273
221,274
221,275
221,276
221,277
221,282
221,283
221,285
221,286
221,287
221,288
221,291
221,296
221,304
221,307
221,308
221,309
221,310
221,314
221,322
221,326
221,338
221,339
221,340
221,341
221,342
221,343
221,345
221,346
221,347
221,348
221,349
221,350
221,351
221,352
222,249
222,250
222,251
222,252
222,253
222,254
222,255
222,256
222,257
222,258
222,259
222,263
222,264
222,265
222,266
222,267
222,270
222,271
222,272
222,273
222,275
222,276
222,278
222,279
222,281
222,282
222,283
222,284
222,287
222,292
222,295
222,301
222,303
222,305
222,307
222,308
222,309
222,310
222,314
222,317
222,318
222,326
222,336
222,337
222,338
222,339
222,340
222,341
222,342
222,343
222,344
222,345
222,346
222,347
222,348
222,349
222,351
222,352
222,353
222,354
222,355
222,358
222,359
223,247
223,248
223,249
223,250
223,251
223,252
223,253
223,254
223,255
223,256
223,257
223,258
223,259
223,261
223,262
223,263
223,264
223,265
223,270
223,273
223,274
223,275
223,276
223,277
223,280
223,286
223,287
223,299
223,305
223,307
223,309
223,313
223,314
223,318
223,319
223,321
223,329
223,333
223,337
223,338
223,339
223,341
223,344
223,345
223,346
223,347
223,348
223,349
223,350
223,351
223,352
223,353
223,354
223,355
223,356
223,357
223,358
223,359
223,360
224,248
224,249
224,251
224,252
224,253
224,254
224,255
224,257
224,258
224,259
224,260
224,261
224,262
224,263
224,264
224,265
224,266
224,270
224,271
224,272
224,273
224,275
224,276
224,277
224,279
224,280
224,281
224,282
224,284
224,285
224,286
224,289
224,305
224,306
224,307
224,309
224,310
224,316
224,318
224,339
224,340
224,341
224,342
224,343
224,344
224,345
224,346
224,347
224,348
224,349
224,350
224,351
224,352
224,353
224,354
224,355
224,356
224,357
224,358
224,359
224,360
225,243
225,247
225,248
225,249
225,250
225,251
225,252
225,253
225,254
225,255
225,257
225,259
225,260
225,262
225,263
225,264
225,265
225,271
225,272
225,273
225,275
225,276
225,278
225,279
225,280
225,281
225,283
225,284
225,285
225,286
225,287
225,290
225,292
225,293
225,300
225,306
225,324
225,327
225,339
225,340
225,341
225,342
225,344
225,345
225,346
225,349
225,351
225,352
225,353
225,355
225,356
225,359
225,360
225,361
225,363
225,364
225,365
226,243
226,244
226,245
226,246
226,247
226,249
226,251
226,252
226,253
226,254
226,258
226,259
226,260
226,261
226,262
226,263
226,264
226,265
226,271
226,275
226,276
226,277
226,279
226,280
226,281
226,282
226,283
226,284
226,285
226,286
226,287
226,302
226,303
226,309
226,310
226,311
226,315
226,324
226,329
226,339
226,340
226,341
226,343
226,345
226,346
226,347
226,348
226,349
226,350
226,351
226,352
226,354
226,355
226,356
226,358
226,359
226,361
226,363
227,243
227,244
227,245
227,246
227,247
227,248
227,249
227,251
227,252
227,253
227,254
227,257
227,259
227,261
227,263
227,264
227,275
227,276
227,277
227,278
227,279
227,280
227,282
227,286
227,287
227,290
227,300
227,302
227,306
227,307
227,309
227,310
227,311
227,315
227,329
227,339
227,340
227,341
227,342
227,343
227,344
227,345
227,346
227,347
227,349
227,350
227,351
227,352
227,354
227,357
227,358
227,359
228,243
228,244
228,245
228,246
228,248
228,249
228,250
228,251
228,252
228,253
228,254
228,257
228,259
228,260
228,263
228,264
228,265
228,266
228,270
228,272
228,273
228,274
228,275
228,276
228,277
228,278
228,280
228,281
228,283
228,284
228,285
228,287
228,290
228,293
228,298
228,301
228,307
228,308
228,311
228,315
228,319
228,325
228,328
228,340
228,341
228,342
228,343
228,344
228,345
228,346
228,347
228,348
228,349
228,351
228,352
228,353
228,354
228,355
228,356
228,357
228,358
228,362
228,370
228,371
228,372
229,244
229,246
229,247
229,248
229,249
229,250
229,252
229,254
229,257
229,258
229,259
229,261
229,263
229,264
229,265
229,266
229,267
229,270
229,273
229,274
229,275
229,276
229,277
229,278
229,279
229,281
229,283
229,286
229,291
229,303
229,305
229,308
229,310
229,316
229,317
229,318
229,332
229,340
229,341
229,342
229,343
229,344
229,345
229,346
229,347
229,348
229,349
229,351
229,353
229,357
229,358
229,359
229,369
229,370
229,371
229,372
229,373
229,374
230,242
230,244
230,246
230,247
230,248
230,250
230,253
230,254
230,255
230,259
230,261
230,263
230,265
230,266
230,267
230,271
230,272
230,273
230,274
230,275
230,276
230,277
230,279
230,281
230,282
230,283
230,284
230,285
230,296
230,308
230,310
230,315
230,323
230,326
230,334
230,340
230,343
230,345
230,346
230,347
230,349
230,351
230,352
230,353
230,354
230,355
230,357
230,359
230,360
230,362
230,363
230,366
230,369
230,370
230,371
230,372
230,373
230,374
230,375
230,376
231,231
231,239
231,247
231,249
231,251
231,253
231,255
231,256
231,257
231,258
231,259
231,260
231,261
231,262
231,263
231,264
231,265
231,266
231,269
231,270
231,272
231,274
231,283
231,285
231,286
231,291
231,306
231,313
231,317
231,321
231,324
231,335
231,341
231,344
231,345
231,347
231,348
231,351
231,352
231,353
231,354
231,355
231,356
231,357
231,358
231,360
231,361
231,363
231,364
231,365
231,366
231,367
231,370
231,371
231,372
231,373
231,374
231,375
231,376
231,377
232,228
232,229
232,230
232,231
232,232
232,233
232,234
232,235
232,236
232,237
232,238
232,240
232,241
232,242
232,245
232,247
232,248
232,249
232,250
232,256
232,257
232,258
232,259
232,260
232,261
232,262
232,267
232,275
232,280
232,282
232,283
232,284
232,292
232,305
232,307
232,308
232,309
232,310
232,314
232,320
232,322
232,332
232,334
232,336
232,337
232,340
232,342
232,343
232,344
232,345
232,347
232,348
232,351
232,352
232,353
232,354
232,356
232,359
232,360
232,361
232,363
232,364
232,365
232,366
232,367
232,368
232,369
232,370
232,373
232,374
232,375
232,376
233,228
233,229
233,231
233,232
233,233
233,234
233,235
233,236
233,237
233,238
233,239
233,240
233,241
233,242
233,243
233,244
233,245
233,247
233,248
233,249
233,250
233,254
233,256
233,258
233,260
233,261
233,262
233,264
233,265
233,266
233,267
233,277
233,278
233,281
233,282
233,283
233,285
233,289
233,290
233,292
233,298
233,299
233,300
233,301
233,309
233,311
233,312
233,313
233,314
233,315
233,338
233,339
233,340
233,343
233,344
233,345
233,346
233,356
233,357
233,358
233,359
233,361
233,365
233,366
233,367
233,369
233,370
233,371
233,372
233,373
233,374
233,375
233,376
233,377
234,226
234,228
234,229
234,230
234,232
234,233
234,234
234,236
234,237
234,238
234,239
234,240
234,241
234,242
234,244
234,247
234,248
234,260
234,261
234,262
234,263
234,266
234,267
234,268
234,277
234,279
234,282
234,292
234,293
234,307
234,311
234,314
234,322
234,325
234,326
234,335
234,341
234,342
234,343
234,344
234,347
234,348
234,350
234,351
234,353
234,354
234,355
234,358
234,360
234,361
234,362
234,363
234,364
234,365
234,366
234,368
234,369
234,370
234,371
234,372
234,373
234,374
234,375
234,376
234,377
234,378
234,379
234,380
235,226
235,227
235,228
235,229
235,230
235,231
235,232
235,233
235,234
235,235
235,236
235,238
235,239
235,240
235,241
235,242
235,243
235,244
235,245
235,248
235,249
235,250
235,256
235,259
235,263
235,264
235,265
235,266
235,269
235,271
235,274
235,280
235,283
235,290
235,297
235,303
235,310
235,311
235,313
235,314
235,315
235,317
235,318
235,322
235,323
235,338
235,339
235,340
235,343
235,344
235,345
235,347
235,349
235,352
235,353
235,355
235,357
235,358
235,361
235,362
235,363
235,364
235,365
235,367
235,368
235,369
235,370
235,371
235,372
235,373
235,374
235,375
235,376
235,377
235,378
235,379
235,380
235,381
235,382
236,226
236,227
236,228
236,229
236,230
236,233
236,234
236,236
236,239
236,240
236,241
236,244
236,248
236,249
236,250
236,251
236,254
236,255
236,256
236,260
236,263
236,266
236,267
236,272
236,286
236,294
236,295
236,296
236,297
236,301
236,310
236,314
236,316
236,317
236,319
236,322
236,325
236,339
236,340
236,341
236,342
236,343
236,344
236,345
236,346
236,347
236,348
236,349
236,351
236,352
236,353
236,358
236,359
236,361
236,362
236,363
236,364
236,365
236,366
236,367
236,368
236,371
236,372
236,374
236,375
236,376
236,377
236,378
236,379
236,380
236,381
236,382
237,226
237,227
237,228
237,229
237,230
237,231
237,232
237,233
237,235
237,236
237,237
237,238
237,239
237,241
237,243
237,246
237,247
237,249
237,250
237,251
237,255
237,262
237,263
237,264
237,265
237,266
237,267
237,285
237,291
237,299
237,302
237,309
237,315
237,316
237,319
237,321
237,322
237,325
237,326
237,327
237,329
237,330
237,331
237,338
237,339
237,340
237,343
237,344
237,345
237,346
237,347
237,350
237,351
237,352
237,353
237,357
237,358
237,359
237,361
237,364
237,365
237,367
237,369
237,370
237,371
237,373
237,374
237,375
237,376
237,377
237,379
237,380
237,381
237,382
237,383
237,384
237,385
237,386
238,226
238,227
238,228
238,229
238,230
238,231
238,232
238,233
238,234
238,235
238,237
238,238
238,240
238,241
238,242
238,243
238,244
238,248
238,250
238,252
238,257
238,266
238,269
238,273
238,280
238,281
238,282
238,284
238,290
238,300
238,301
238,302
238,303
238,309
238,313
238,315
238,317
238,318
238,319
238,321
238,322
238,323
238,333
238,335
238,336
238,337
238,341
238,342
238,343
238,344
238,346
238,349
238,351
238,352
238,353
238,355
238,356
238,358
238,360
238,361
238,362
238,363
238,364
238,366
238,368
238,369
238,370
238,372
238,374
238,375
238,377
238,378
238,379
238,380
238,381
238,382
238,383
238,384
238,385
238,386
238,387
239,227
239,228
239,229
239,230
239,231
239,232
239,233
239,234
239,235
239,236
239,238
239,240
239,241
239,242
239,243
239,244
239,247
239,248
239,250
239,252
239,253
239,265
239,271
239,273
239,274
239,275
239,286
239,287
239,291
239,295
239,297
239,298
239,302
239,304
239,307
239,311
239,314
239,316
239,318
239,319
239,320
239,321
239,322
239,324
239,336
239,339
239,340
239,342
239,344
239,346
239,347
239,348
239,354
239,355
239,356
239,358
239,359
239,360
239,361
239,362
239,363
239,364
239,365
239,366
239,367
239,371
239,372
239,373
239,375
239,376
239,377
239,378
239,379
239,380
239,381
239,382
239,383
239,384
239,386
239,387
239,388
239,389
239,391
240,226
240,227
240,228
240,229
240,230
240,231
240,232
240,233
240,234
240,235
240,236
240,238
240,239
240,240
240,241
240,242
240,243
240,244
240,245
240,246
240,249
240,250
240,252
240,255
240,269
240,271
240,273
240,274
240,275
240,277
240,279
240,285
240,295
240,298
240,312
240,316
240,317
240,319
240,320
240,333
240,336
240,337
240,338
240,339
240,340
240,341
240,342
240,343
240,345
240,346
240,348
240,349
240,350
240,351
240,352
240,353
240,354
240,356
240,357
240,358
240,360
240,361
240,362
240,363
240,364
240,369
240,371
240,372
240,373
240,375
240,376
240,378
240,379
240,380
240,381
240,383
240,384
240,385
240,386
240,387
240,388
240,389
240,390
240,391
240,392
241,216
241,218
241,228
241,229
241,230
241,232
241,233
241,235
241,236
241,239
241,240
241,242
241,244
241,245
241,247
241,248
241,249
241,250
241,260
241,267
241,273
241,274
241,275
241,276
241,285
241,291
241,293
241,297
241,299
241,312
241,315
241,316
241,322
241,326
241,334
241,336
241,337
241,339
241,343
241,345
241,348
241,349
241,351
241,355
241,359
241,361
241,362
241,364
241,365
241,366
241,369
241,371
241,374
241,375
241,376
241,378
241,379
241,380
241,381
241,382
241,383
241,384
241,385
241,386
241,387
241,389
241,390
241,391
241,392
241,393
242,229
242,230
242,231
242,232
242,233
242,234
242,235
242,236
242,238
242,240
242,244
242,247
242,248
242,250
242,251
242,253
242,254
242,257
242,260
242,267
242,270
242,271
242,274
242,275
242,286
242,289
242,299
242,309
242,312
242,317
242,319
242,322
242,323
242,331
242,338
242,342
242,344
242,345
242,347
242,352
242,353
242,356
242,358
242,361
242,362
242,364
242,365
242,369
242,371
242,372
242,373
242,375
242,376
242,377
242,378
242,380
242,381
242,382
242,383
242,384
242,385
242,386
242,387
242,388
242,389
242,390
242,391
242,392
242,393
242,394
242,395
243,216
243,217
243,226
243,228
243,233
243,237
243,238
243,239
243,240
243,241
243,242
243,243
243,247
243,248
243,249
243,250
243,251
243,252
243,254
243,273
243,280
243,285
243,294
243,301
243,304
243,315
243,322
243,327
243,332
243,336
243,337
243,338
243,339
243,341
243,343
243,345
243,346
243,347
243,348
243,352
243,356
243,357
243,358
243,359
243,360
243,363
243,364
243,365
243,366
243,367
243,369
243,370
243,373
243,374
243,375
243,377
243,378
243,379
243,380
243,381
243,382
243,383
243,384
243,385
243,386
243,387
243,388
243,389
243,390
243,391
243,392
243,393
243,395
243,396
243,397
243,398
243,399
244,208
244,211
244,212
244,213
244,226
244,233
244,234
244,235
244,236
244,237
244,240
244,244
244,246
244,247
244,248
244,251
244,254
244,256
244,257
244,260
244,269
244,271
244,273
244,274
244,275
244,282
244,287
244,290
244,292
244,301
244,305
244,308
244,318
244,319
244,320
244,322
244,333
244,336
244,339
244,340
244,341
244,345
244,349
244,351
244,352
244,354
244,360
244,364
244,365
244,366
244,367
244,368
244,373
244,374
244,375
244,377
244,379
244,381
244,382
244,383
244,384
244,385
244,388
244,390
244,391
244,393
244,394
244,395
244,396
244,397
244,398
244,400
244,401
245,204
245,205
245,206
245,207
245,208
245,209
245,210
245,211
245,212
245,213
245,226
245,230
245,237
245,239
245,240
245,241
245,245
245,247
245,250
245,251
245,252
245,253
245,255
245,257
245,258
245,261
245,272
245,281
245,282
245,292
245,293
245,297
245,300
245,302
245,305
245,308
245,311
245,312
245,316
245,319
245,334
245,335
245,337
245,339
245,344
245,346
245,352
245,354
245,357
245,358
245,359
245,360
245,361
245,362
245,363
245,364
245,367
245,369
245,370
245,372
245,373
245,375
245,377
245,378
245,379
245,380
245,382
245,383
245,384
245,385
245,386
245,387
245,388
245,389
245,390
245,391
245,393
245,394
245,395
245,396
245,397
245,398
245,399
245,400
245,401
246,204
246,205
246,206
246,207
246,208
246,209
246,210
246,211
246,212
246,213
246,214
246,215
246,216
246,217
246,218
246,219
246,220
246,221
246,229
246,231
246,236
246,242
246,246
246,247
246,248
246,251
246,252
246,253
246,254
246,255
246,256
246,257
246,261
246,262
246,263
246,266
246,267
246,269
246,270
246,271
246,272
246,273
246,275
246,283
246,287
246,288
246,295
246,302
246,304
246,309
246,313
246,318
246,320
246,326
246,329
246,332
246,334
246,336
246,340
246,343
246,344
246,347
246,355
246,363
246,364
246,365
246,367
246,370
246,372
246,373
246,374
246,375
246,376
246,377
246,378
246,379
246,380
246,382
246,384
246,386
246,387
246,388
246,389
246,390
246,391
246,392
246,393
246,394
246,395
246,396
246,397
246,398
246,399
247,204
247,205
247,206
247,207
247,208
247,209
247,210
247,211
247,212
247,213
247,214
247,215
247,216
247,230
247,232
247,243
247,245
247,247
247,250
247,251
247,253
247,254
247,257
247,259
247,261
247,262
247,265
247,266
247,268
247,272
247,273
247,276
247,284
247,287
247,289
247,293
247,300
247,305
247,312
247,314
247,318
247,325
247,326
247,327
247,332
247,334
247,335
247,336
247,339
247,340
247,341
247,343
247,359
247,363
247,365
247,366
247,370
247,371
247,373
247,374
247,375
247,376
247,378
247,381
247,383
247,384
247,385
247,387
247,388
247,389
247,390
247,391
247,392
247,393
247,394
247,395
247,396
247,397
247,398
247,399
248,205
248,206
248,207
248,208
248,209
248,210
248,211
248,212
248,213
248,214
248,232
248,243
248,244
248,245
248,246
248,248
248,249
248,250
248,252
248,254
248,255
248,256
248,262
248,270
248,271
248,272
248,274
248,284
248,294
248,306
248,310
248,318
248,325
248,326
248,332
248,338
248,341
248,343
248,345
248,347
248,348
248,356
248,359
248,361
248,363
248,364
248,365
248,366
248,367
248,369
248,371
248,372
248,374
248,375
248,376
248,377
248,378
248,381
248,382
248,383
248,384
248,385
248,386
248,388
248,389
248,390
248,391
248,392
248,395
248,396
248,397
248,398
248,399
248,400
248,401
248,402
248,403
248,404
248,405
249,205
249,206
249,207
249,209
249,211
249,212
249,213
249,214
249,232
249,233
249,234
249,236
249,240
249,245
249,246
249,247
249,248
249,250
249,252
249,255
249,257
249,258
249,260
249,261
249,262
249,263
249,266
249,269
249,271
249,272
249,273
249,275
249,283
249,284
249,290
249,300
249,310
249,316
249,321
249,322
249,325
249,333
249,339
249,340
249,343
249,354
249,355
249,357
249,363
249,365
249,367
249,369
249,372
249,373
249,374
249,379
249,382
249,386
249,388
249,390
249,391
249,394
249,396
249,398
249,399
250,203
250,204
250,206
250,208
250,209
250,210
250,211
250,212
250,213
250,214
250,215
250,232
250,233
250,239
250,241
250,246
250,251
250,252
250,254
250,258
250,259
250,260
250,262
250,264
250,265
250,269
250,270
250,278
250,279
250,283
250,286
250,289
250,292
250,298
250,300
250,301
250,304
250,313
250,314
250,316
250,318
250,322
250,326
250,327
250,333
250,335
250,338
250,341
250,343
250,344
250,345
250,347
250,350
250,358
250,366
250,368
250,370
250,371
250,372
250,373
250,375
250,376
250,381
250,382
250,384
250,386
250,389
250,390
250,391
250,392
250,393
250,394
250,395
250,396
250,397
251,204
251,205
251,206
251,207
251,208
251,209
251,210
251,211
251,213
251,214
251,215
251,216
251,231
251,232
251,233
251,235
251,237
251,240
251,247
251,250
251,252
251,253
251,254
251,257
251,260
251,267
251,269
251,270
251,272
251,273
251,276
251,287
251,291
251,294
251,297
251,298
251,303
251,313
251,314
251,333
251,334
251,336
251,337
251,338
251,340
251,341
251,342
251,345
251,355
251,356
251,363
251,364
251,365
251,366
251,367
251,371
251,372
251,373
251,374
251,375
251,376
251,377
251,380
251,381
251,395
252,202
252,203
252,204
252,205
252,206
252,207
252,209
252,210
252,211
252,212
252,214
252,215
252,216
252,222
252,226
252,228
252,242
252,249
252,250
252,252
252,253
252,255
252,257
252,262
252,263
252,264
252,266
252,269
252,271
252,273
252,276
252,280
252,286
252,290
252,294
252,299
252,302
252,303
252,310
252,317
252,326
252,343
252,347
252,350
252,360
252,362
252,363
252,365
252,366
252,368
252,369
252,370
252,372
252,375
252,376
252,381
252,384
252,397
253,202
253,203
253,204
253,205
253,206
253,207
253,208
253,209
253,210
253,211
253,212
253,214
253,215
253,216
253,217
253,219
253,222
253,223
253,225
253,228
253,233
253,237
253,238
253,240
253,244
253,249
253,250
253,251
253,252
253,255
253,262
253,263
253,267
253,270
253,272
253,278
253,279
253,284
253,285
253,292
253,293
253,302
253,304
253,315
253,318
253,319
253,322
253,330
253,332
253,336
253,338
253,340
253,342
253,343
253,346
253,347
253,349
253,361
253,363
253,365
253,368
253,374
253,378
253,384
253,385
253,397
254,199
254,203
254,204
254,205
254,206
254,207
254,208
254,209
254,210
254,211
254,212
254,213
254,214
254,216
254,218
254,222
254,223
254,225
254,226
254,227
254,228
254,229
254,230
254,232
254,235
254,236
254,237
254,238
254,241
254,250
254,252
254,254
254,255
254,256
254,257
254,258
254,260
254,261
254,263
254,264
254,267
254,268
254,271
254,277
254,280
254,282
254,283
254,289
254,290
254,293
254,294
254,296
254,298
254,308
254,310
254,314
254,321
254,338
254,342
254,346
254,347
254,361
254,362
254,363
254,364
254,366
254,367
254,369
254,372
254,374
254,381
254,382
254,395
255,195
255,197
255,198
255,199
255,200
255,203
255,204
255,209
255,211
255,212
255,213
255,216
255,218
255,219
255,220
255,221
255,223
255,224
255,227
255,228
255,230
255,237
255,241
255,242
255,243
255,248
255,251
255,253
255,255
255,256
255,259
255,260
255,263
255,266
255,267
255,269
255,273
255,275
255,276
255,282
255,283
255,284
255,285
255,286
255,289
255,290
255,293
255,308
255,311
255,323
255,330
255,335
255,338
255,342
255,344
255,351
255,354
255,357
255,361
255,363
255,382
255,388
255,395
256,192
256,193
256,194
256,195
256,196
256,197
256,198
256,199
256,200
256,204
256,205
256,206
256,207
256,208
256,210
256,211
256,212
256,213
256,215
256,216
256,219
256,220
256,221
256,222
256,223
256,224
256,225
256,226
256,228
256,232
256,233
256,237
256,238
256,239
256,240
256,242
256,248
256,251
256,252
256,253
256,254
256,257
256,261
256,267
256,275
256,276
256,278
256,279
256,285
256,288
256,292
256,293
256,294
256,304
256,313
256,322
256,324
256,327
256,330
256,339
256,340
256,360
256,361
256,362
256,377
256,387
256,392
256,401
257,191
257,192
257,193
257,194
257,195
257,196
257,197
257,199
257,200
257,202
257,203
257,204
257,205
257,206
257,207
257,208
257,209
257,216
257,217
257,218
257,219
257,221
257,222
257,223
257,228
257,230
257,231
257,233
257,234
257,235
257,236
257,237
257,239
257,240
257,250
257,255
257,265
257,267
257,271
257,277
257,281
257,282
257,286
257,300
257,301
257,304
257,311
257,312
257,316
257,317
257,321
257,323
257,325
257,326
257,333
257,339
257,340
257,348
257,351
257,365
257,369
257,370
257,379
257,384
257,390
257,403
258,191
258,192
258,194
258,195
258,196
258,197
258,198
258,199
258,200
258,202
258,203
258,204
258,206
258,208
258,209
258,215
258,219
258,221
258,223
258,224
258,228
258,229
258,230
258,231
258,236
258,237
258,238
258,240
258,247
258,248
258,250
258,251
258,253
258,254
258,255
258,262
258,265
258,266
258,270
258,273
258,277
258,287
258,292
258,294
258,300
258,302
258,315
258,318
258,320
258,321
258,326
258,327
258,330
258,334
258,336
258,337
258,339
258,340
258,341
258,363
258,371
258,374
258,377
258,378
258,388
259,186
259,187
259,188
259,190
259,191
259,192
259,193
259,195
259,196
259,197
259,198
259,199
259,200
259,201
259,204
259,205
259,206
259,207
259,209
259,213
259,216
259,217
259,218
259,221
259,222
259,223
259,224
259,227
259,228
259,229
259,233
259,234
259,235
259,237
259,241
259,243
259,245
259,246
259,250
259,251
259,253
259,257
259,259
259,261
259,262
259,263
259,265
259,269
259,279
259,280
259,281
259,289
259,297
259,312
259,317
259,320
259,324
259,326
259,332
259,334
259,335
259,337
259,339
259,340
259,342
259,343
259,344
259,346
259,350
259,355
259,357
259,358
259,361
259,363
259,364
259,365
259,368
259,373
259,375
259,377
259,380
259,386
259,388
259,402
259,403
259,404
260,185
260,186
260,187
260,188
260,189
260,190
260,192
260,193
260,194
260,196
260,197
260,198
260,199
260,200
260,205
260,206
260,207
260,214
260,215
260,216
260,217
260,218
260,219
260,221
260,224
260,227
260,230
260,232
260,233
260,240
260,248
260,249
260,252
260,254
260,257
260,262
260,266
260,267
260,278
260,295
260,298
260,300
260,311
260,319
260,325
260,326
260,327
260,338
260,339
260,341
260,343
260,345
260,349
260,355
260,359
260,365
260,372
260,374
260,378
260,379
260,391
260,393
260,400
260,401
260,402
261,185
261,186
261,187
261,188
261,189
261,190
261,191
261,192
261,193
261,194
261,195
261,196
261,197
261,198
261,199
261,201
261,202
261,203
261,206
261,208
261,209
261,210
261,212
261,217
261,219
261,220
261,221
261,222
261,223
261,224
261,226
261,229
261,230
261,232
261,233
261,234
261,238
261,239
261,240
261,241
261,248
261,253
261,254
261,260
261,265
261,269
261,272
261,273
261,276
261,279
261,280
261,282
261,283
261,288
261,293
261,308
261,318
261,320
261,322
261,324
261,338
261,339
261,340
261,342
261,343
261,345
261,349
261,351
261,352
261,358
261,361
261,365
261,366
261,369
261,386
261,387
261,402
261,404
262,181
262,183
262,184
262,185
262,186
262,187
262,188
262,189
262,191
262,192
262,193
262,194
262,195
262,196
262,197
262,198
262,199
262,202
262,203
262,204
262,205
262,206
262,207
262,208
262,210
262,211
262,212
262,216
262,218
262,219
262,220
262,222
262,223
262,224
262,227
262,228
262,230
262,231
262,235
262,247
262,249
262,262
262,264
262,273
262,274
262,275
262,276
262,281
262,283
262,285
262,294
262,307
262,311
262,319
262,322
262,340
262,342
262,344
262,345
262,346
262,347
262,348
262,352
262,362
262,365
262,372
262,374
262,378
262,379
262,386
262,388
262,391
262,395
262,403
263,180
263,181
263,182
263,183
263,184
263,185
263,186
263,187
263,188
263,189
263,190
263,191
263,192
263,194
263,195
263,197
263,198
263,199
263,200
263,201
263,202
263,203
263,204
263,205
263,207
263,208
263,209
263,212
263,213
263,214
263,215
263,216
263,217
263,221
263,223
263,224
263,225
263,226
263,229
263,230
263,231
263,232
263,239
263,240
263,242
263,248
263,250
263,253
263,262
263,264
263,265
263,269
263,270
263,280
263,292
263,293
263,294
263,296
263,301
263,311
263,314
263,319
263,334
263,337
263,338
263,359
263,362
263,367
263,371
263,375
263,381
263,384
263,385
264,177
264,180
264,181
264,182
264,183
264,184
264,185
264,186
264,187
264,188
264,189
264,192
264,193
264,195
264,198
264,199
264,201
264,202
264,205
264,206
264,207
264,209
264,212
264,213
264,214
264,215
264,216
264,217
264,218
264,219
264,224
264,227
264,228
264,230
264,231
264,232
264,234
264,238
264,239
264,249
264,250
264,255
264,256
264,259
264,267
264,273
264,285
264,288
264,292
264,296
264,297
264,299
264,304
264,307
264,310
264,311
264,312
264,313
264,315
264,322
264,327
264,329
264,333
264,334
264,337
264,339
264,343
264,358
264,360
264,361
264,362
264,366
264,374
264,376
264,380
264,407
264,408
264,409
265,175
265,176
265,177
265,178
265,180
265,181
265,182
265,183
265,184
265,185
265,186
265,188
265,189
265,191
265,195
265,196
265,199
265,200
265,204
265,205
265,206
265,208
265,210
265,211
265,212
265,213
265,215
265,216
265,218
265,221
265,224
265,227
265,231
265,237
265,243
265,245
265,248
265,257
265,262
265,267
265,270
265,272
265,290
265,291
265,292
265,294
265,310
265,324
265,329
265,348
265,350
265,353
265,360
265,361
265,366
265,367
265,370
265,371
265,407
265,408
265,409
265,410
265,411
265,412
265,413
265,414
265,415
265,416
266,175
266,176
266,177
266,178
266,180
266,183
266,184
266,185
266,186
266,187
266,189
266,190
266,191
266,192
266,194
266,195
266,197
266,205
266,206
266,208
266,210
266,211
266,213
266,214
266,215
266,217
266,218
266,219
266,221
266,222
266,223
266,224
266,225
266,226
266,227
266,235
266,237
266,238
266,257
266,258
266,272
266,276
266,280
266,281
266,294
266,299
266,300
266,309
266,311
266,313
266,316
266,317
266,319
266,326
266,327
266,330
266,333
266,359
266,360
266,361
266,371
266,380
266,382
266,393
266,403
266,404
266,405
266,407
266,408
266,409
266,410
266,412
266,413
266,414
266,415
266,416
266,417
266,418
267,176
267,178
267,180
267,181
267,182
267,183
267,184
267,185
267,186
267,187
267,188
267,189
267,190
267,192
267,194
267,195
267,196
267,198
267,199
267,200
267,201
267,202
267,204
267,208
267,209
267,211
267,213
267,214
267,218
267,221
267,222
267,227
267,231
267,232
267,242
267,246
267,249
267,251
267,261
267,267
267,272
267,277
267,281
267,284
267,292
267,297
267,310
267,311
267,314
267,324
267,327
267,328
267,329
267,330
267,343
267,347
267,348
267,352
267,355
267,357
267,369
267,373
267,375
267,380
267,387
267,403
267,404
267,405
267,406
267,407
267,409
267,411
267,412
267,413
267,414
267,416
267,417
267,418
267,419
268,178
268,179
268,180
268,181
268,182
268,183
268,184
268,185
268,187
268,188
268,189
268,190
268,191
268,192
268,193
268,196
268,197
268,203
268,204
268,205
268,207
268,211
268,212
268,213
268,216
268,217
268,218
268,219
268,220
268,221
268,224
268,226
268,229
268,230
268,233
268,236
268,248
268,254
268,257
268,262
268,267
268,269
268,275
268,279
268,294
268,297
268,314
268,317
268,321
268,325
268,339
268,340
268,350
268,353
268,355
268,358
268,367
268,369
268,371
268,380
268,382
268,385
268,387
268,389
268,393
268,394
268,397
268,402
268,403
268,404
268,407
268,409
268,410
268,411
268,413
268,414
268,416
268,417
269,178
269,179
269,180
269,181
269,182
269,183
269,184
269,186
269,187
269,188
269,190
269,191
269,193
269,194
269,195
269,196
269,197
269,198
269,203
269,206
269,216
269,218
269,219
269,222
269,226
269,227
269,229
269,231
269,234
269,237
269,246
269,248
269,253
269,256
269,262
269,272
269,286
269,289
269,292
269,304
269,306
269,307
269,316
269,317
269,323
269,324
269,326
269,335
269,338
269,347
269,350
269,355
269,357
269,360
269,361
269,377
269,382
269,385
269,386
269,389
269,391
269,392
269,402
269,403
269,405
269,406
269,408
269,409
269,410
269,411
269,412
269,413
269,414
269,415
269,416
269,417
269,418
269,419
269,420
269,421
269,422
270,186
270,187
270,197
270,200
270,202
270,203
270,213
270,217
270,218
270,220
270,222
270,225
270,226
270,228
270,229
270,230
270,235
270,237
270,238
270,239
270,251
270,259
270,260
270,267
270,273
270,276
270,279
270,281
270,282
270,290
270,296
270,301
270,302
270,314
270,315
270,321
270,329
270,336
270,353
270,356
270,357
270,369
270,377
270,379
270,380
270,382
270,385
270,390
270,394
270,400
270,401
270,402
270,404
270,405
270,406
270,408
270,409
270,410
270,414
270,416
270,417
270,418
270,419
270,420
270,421
270,422
270,423
271,176
271,187
271,215
271,217
271,218
271,219
271,220
271,223
271,227
271,229
271,230
271,231
271,232
271,234
271,235
271,236
271,238
271,242
271,244
271,246
271,247
271,251
271,252
271,269
271,272
271,279
271,283
271,286
271,288
271,291
271,293
271,299
271,305
271,316
271,318
271,322
271,326
271,332
271,333
271,348
271,350
271,351
271,366
271,369
271,372
271,374
271,382
271,388
271,401
271,402
271,405
271,407
271,408
271,409
271,410
271,412
271,413
271,414
271,415
271,416
271,417
271,418
271,419
272,213
272,217
272,218
272,219
272,220
272,221
272,222
272,224
272,227
272,228
272,230
272,247
272,250
272,254
272,259
272,261
272,266
272,274
272,275
272,285
272,287
272,315
272,316
272,320
272,323
272,332
272,344
272,345
272,346
272,348
272,349
272,356
272,359
272,362
272,367
272,378
272,379
272,382
272,384
272,391
272,393
272,394
272,400
272,401
272,402
272,404
272,405
272,406
272,407
272,408
272,409
272,410
272,412
272,413
272,414
272,416
272,419
273,175
273,177
273,181
273,184
273,187
273,214
273,218
273,219
273,220
273,223
273,224
273,227
273,229
273,231
273,232
273,237
273,248
273,268
273,270
273,273
273,275
273,276
273,281
273,282
273,283
273,293
273,295
273,297
273,312
273,318
273,338
273,350
273,359
273,360
273,363
273,371
273,375
273,376
273,381
273,386
273,390
273,392
273,396
273,406
273,411
273,415
273,416
273,417
273,418
274,183
274,186
274,188
274,199
274,218
274,222
274,225
274,226
274,230
274,232
274,243
274,246
274,248
274,254
274,269
274,270
274,273
274,282
274,284
274,288
274,302
274,309
274,312
274,320
274,333
274,350
274,353
274,385
274,388
274,392
274,401
274,402
274,403
274,404
274,405
274,416
274,422
275,194
275,198
275,225
275,229
275,232
275,234
275,246
275,247
275,250
275,264
275,266
275,268
275,290
275,292
275,295
275,304
275,306
275,307
275,314
275,353
275,362
275,376
275,381
275,385
275,388
275,390
275,393
275,399
275,400
275,405
275,407
275,408
276,177
276,209
276,213
276,216
276,223
276,224
276,232
276,247
276,258
276,272
276,274
276,275
276,280
276,281
276,284
276,285
276,288
276,299
276,301
276,303
276,304
276,305
276,310
276,311
276,321
276,324
276,327
276,330
276,342
276,355
276,356
276,361
276,362
276,366
276,375
276,379
276,382
276,386
276,387
276,391
276,394
276,395
276,396
276,406
276,410
276,411
276,424
277,181
277,182
277,187
277,202
277,204
277,210
277,211
277,213
277,216
277,218
277,225
277,226
277,229
277,233
277,234
277,235
277,246
277,249
277,268
277,272
277,278
277,279
277,282
277,285
277,296
277,297
277,300
277,306
277,308
277,322
277,332
277,342
277,343
277,344
277,351
277,352
277,358
277,362
277,371
277,375
277,378
277,381
277,392
277,400
277,402
277,404
277,405
277,414
277,415
277,417
278,199
278,204
278,209
278,217
278,222
278,224
278,233
278,234
278,241
278,245
278,247
278,252
278,253
278,254
278,256
278,262
278,269
278,275
278,278
278,281
278,283
278,294
278,299
278,324
278,325
278,330
278,332
278,335
278,341
278,346
278,351
278,352
278,354
278,359
278,360
278,361
278,366
278,372
278,373
278,381
278,386
278,390
278,391
278,401
278,403
278,405
278,414
278,420
279,176
279,181
279,182
279,188
279,192
279,194
279,196
279,203
279,207
279,213
279,215
279,216
279,224
279,226
279,231
279,235
279,238
279,239
279,253
279,260
279,265
279,269
279,275
279,277
279,291
279,305
279,311
279,322
279,323
279,326
279,330
279,336
279,337
279,348
279,349
279,354
279,365
279,366
279,371
279,375
279,376
279,379
279,381
279,382
279,392
279,396
279,401
279,403
279,409
280,174
280,177
280,181
280,182
280,183
280,184
280,185
280,189
280,190
280,194
280,199
280,200
280,206
280,211
280,215
280,221
280,223
280,226
280,227
280,229
280,231
280,233
280,238
280,245
280,251
280,254
280,258
280,270
280,272
280,277
280,280
280,282
280,308
280,317
280,318
280,319
280,325
280,326
280,327
280,330
280,336
280,348
280,349
280,351
280,368
280,369
280,370
280,371
280,373
280,374
280,376
280,377
280,380
280,387
280,398
280,412
281,176
281,177
281,182
281,183
281,184
281,185
281,186
281,187
281,188
281,190
281,203
281,205
281,206
281,211
281,221
281,224
281,225
281,230
281,233
281,234
281,242
281,243
281,247
281,252
281,253
281,256
281,257
281,259
281,275
281,278
281,285
281,306
281,309
281,312
281,314
281,318
281,346
281,347
281,349
281,351
281,353
281,368
281,379
281,382
281,384
281,385
281,386
281,389
281,393
281,395
281,404
281,419
281,420
282,177
282,178
282,179
282,181
282,184
282,186
282,188
282,212
282,216
282,226
282,232
282,233
282,237
282,240
282,241
282,246
282,247
282,253
282,260
282,262
282,266
282,287
282,308
282,311
282,317
282,340
282,349
282,358
282,360
282,368
282,371
282,375
282,379
282,381
282,382
282,384
282,386
282,389
282,397
282,402
282,420
283,176
283,182
283,185
283,186
283,191
283,203
283,208
283,209
283,222
283,232
283,235
283,238
283,240
283,242
283,243
283,245
283,247
283,248
283,249
283,256
283,258
283,261
283,265
283,270
283,277
283,280
283,283
283,299
283,303
283,304
283,306
283,311
283,326
283,332
283,344
283,345
283,348
283,356
283,379
283,387
283,392
283,395
283,397
283,402
283,419
283,424
284,176
284,177
284,178
284,186
284,189
284,191
284,207
284,215
284,217
284,220
284,222
284,223
284,224
284,225
284,233
284,235
284,239
284,244
284,247
284,250
284,252
284,254
284,262
284,264
284,278
284,279
284,280
284,291
284,293
284,295
284,299
284,302
284,321
284,340
284,356
284,357
284,359
284,368
284,371
284,377
284,388
284,395
284,396
284,401
284,407
284,422
285,169
285,170
285,179
285,189
285,196
285,198
285,199
285,200
285,203
285,205
285,213
285,215
285,223
285,242
285,251
285,258
285,263
285,273
285,274
285,290
285,291
285,292
285,299
285,300
285,321
285,325
285,333
285,343
285,363
285,364
285,377
285,382
285,392
285,403
286,170
286,181
286,183
286,193
286,195
286,202
286,203
286,211
286,217
286,220
286,225
286,226
286,230
286,231
286,237
286,238
286,240
286,250
286,268
286,278
286,287
286,293
286,304
286,309
286,312
286,317
286,321
286,329
286,332
286,339
286,346
286,347
286,348
286,349
286,352
286,354
286,360
286,372
286,375
286,377
286,381
286,382
286,383
286,388
286,389
286,390
286,397
286,411
286,421
287,195
287,198
287,204
287,206
287,214
287,223
287,224
287,227
287,229
287,235
287,238
287,240
287,245
287,254
287,258
287,260
287,266
287,271
287,280
287,285
287,288
287,299
287,303
287,324
287,326
287,334
287,343
287,344
287,345
287,348
287,351
287,366
287,369
287,370
287,371
287,374
287,376
287,379
287,381
287,388
287,392
287,394
287,399
287,401
287,402
287,410
287,411
287,418
288,173
288,179
288,182
288,191
288,195
288,197
288,200
288,205
288,207
288,212
288,224
288,231
288,234
288,237
288,239
288,240
288,249
288,252
288,256
288,278
288,282
288,283
288,293
288,299
288,313
288,315
288,330
288,339
288,343
288,352
288,353
288,363
288,365
288,367
288,371
288,374
288,380
288,386
288,389
288,390
288,400
288,402
288,420
289,167
289,170
289,172
289,173
289,193
289,194
289,196
289,199
289,205
289,207
289,209
289,212
289,215
289,218
289,219
289,222
289,230
289,235
289,242
289,248
289,272
289,274
289,290
289,291
289,303
289,307
289,309
289,312
289,316
289,324
289,327
289,330
289,344
289,350
289,352
289,356
289,357
289,360
289,376
289,379
289,383
289,387
289,395
289,400
289,401
289,406
289,407
289,411
290,170
290,184
290,190
290,194
290,196
290,201
290,208
290,212
290,221
290,230
290,246
290,250
290,264
290,266
290,288
290,302
290,304
290,313
290,315
290,317
290,321
290,333
290,335
290,336
290,337
290,339
290,351
290,354
290,363
290,385
290,387
290,390
290,391
290,397
290,405
290,407
290,414
290,419
290,421
290,425
291,185
291,187
291,193
291,195
291,196
291,203
291,205
291,207
291,210
291,211
291,214
291,217
291,226
291,232
291,234
291,239
291,241
291,243
291,244
291,248
291,249
291,253
291,254
291,260
291,261
291,262
291,263
291,285
291,290
291,296
291,319
291,323
291,328
291,329
291,349
291,354
291,363
291,369
291,376
291,381
291,385
291,397
291,403
291,410
291,415
291,416
292,177
292,182
292,183
292,188
292,191
292,196
292,198
292,207
292,213
292,215
292,216
292,221
292,223
292,230
292,239
292,240
292,244
292,246
292,268
292,271
292,275
292,276
292,278
292,285
292,287
292,288
292,303
292,310
292,313
292,324
292,337
292,339
292,341
292,342
292,343
292,346
292,349
292,352
292,356
292,370
292,371
292,376
292,380
292,385
292,388
292,402
292,403
292,404
292,416
292,418
292,422
293,184
293,189
293,193
293,194
293,195
293,196
293,201
293,202
293,204
293,205
293,206
293,208
293,210
293,211
293,212
293,214
293,215
293,231
293,241
293,242
293,244
293,251
293,265
293,271
293,276
293,277
293,279
293,281
293,291
293,302
293,312
293,313
293,317
293,333
293,334
293,339
293,342
293,344
293,347
293,348
293,354
293,356
293,360
293,363
293,367
293,368
293,370
293,377
293,378
293,379
293,383
293,385
293,400
293,404
293,405
293,406
293,411
293,413
293,419
294,178
294,188
294,190
294,192
294,196
294,198
294,199
294,200
294,202
294,203
294,205
294,207
294,208
294,209
294,210
294,212
294,213
294,214
294,215
294,222
294,231
294,237
294,242
294,247
294,260
294,270
294,272
294,279
294,285
294,299
294,305
294,319
294,336
294,340
294,357
294,367
294,374
294,380
294,387
294,390
294,393
294,405
294,409
294,412
294,415
294,429
295,181
295,186
295,187
295,188
295,195
295,200
295,206
295,208
295,213
295,229
295,233
295,236
295,238
295,243
295,245
295,258
295,263
295,264
295,267
295,268
295,269
295,284
295,288
295,297
295,298
295,303
295,317
295,322
295,323
295,329
295,342
295,346
295,360
295,368
295,371
295,376
295,379
295,381
295,389
295,393
295,394
295,401
295,402
295,403
295,405
295,406
295,409
295,414
295,416
295,419
295,423
295,424
296,175
296,177
296,179
296,184
296,185
296,186
296,188
296,196
296,204
296,208
296,210
296,213
296,220
296,221
296,236
296,239
296,255
296,262
296,269
296,272
296,283
296,314
296,317
296,322
296,326
296,333
296,340
296,346
296,358
296,359
296,360
296,361
296,362
296,363
296,364
296,365
296,371
296,372
296,377
296,379
296,380
296,382
296,389
296,391
296,395
296,399
296,400
296,402
296,406
296,407
296,409
296,420
296,424
296,426
297,179
297,193
297,200
297,203
297,205
297,210
297,217
297,219
297,223
297,235
297,249
297,253
297,259
297,269
297,270
297,272
297,290
297,298
297,299
297,305
297,308
297,311
297,320
297,323
297,327
297,330
297,338
297,339
297,343
297,353
297,358
297,362
297,364
297,365
297,366
297,367
297,368
297,370
297,371
297,378
297,379
297,382
297,387
297,388
297,394
297,396
297,403
297,405
297,406
297,407
297,410
297,415
297,417
297,418
297,419
297,420
297,421
297,422
297,423
297,424
298,169
298,175
298,191
298,195
298,200
298,207
298,219
298,232
298,246
298,247
298,253
298,254
298,267
298,308
298,315
298,327
298,338
298,342
298,345
298,348
298,350
298,351
298,354
298,359
298,366
298,369
298,370
298,372
298,373
298,375
298,377
298,383
298,391
298,394
298,400
298,402
298,404
298,406
298,407
298,410
298,414
298,417
298,418
298,419
298,422
298,423
298,424
298,425
298,426
299,172
299,174
299,175
299,178
299,187
299,194
299,196
299,206
299,207
299,210
299,212
299,215
299,216
299,219
299,222
299,223
299,231
299,241
299,245
299,248
299,261
299,269
299,275
299,276
299,277
299,281
299,284
299,290
299,300
299,305
299,307
299,310
299,315
299,327
299,328
299,336
299,343
299,344
299,349
299,351
299,353
299,354
299,365
299,368
299,372
299,373
299,380
299,387
299,389
299,392
299,394
299,397
299,399
299,403
299,405
299,406
299,407
299,410
299,412
299,414
299,415
299,416
299,418
299,420
299,421
299,422
299,423
299,424
299,425
299,427
299,428
299,432
300,163
300,173
300,189
300,191
300,196
300,198
300,205
300,207
300,209
300,220
300,221
300,223
300,245
300,246
300,248
300,250
300,255
300,257
300,267
300,289
300,300
300,303
300,306
300,307
300,317
300,318
300,319
300,325
300,337
300,340
300,352
300,363
300,369
300,374
300,376
300,382
300,383
300,385
300,392
300,394
300,395
300,396
300,398
300,399
300,401
300,402
300,405
300,407
300,408
300,409
300,410
300,411
300,414
300,415
300,418
300,422
300,423
300,424
300,425
300,426
300,427
300,428
300,429
301,169
301,190
301,194
301,206
301,213
301,217
301,223
301,226
301,227
301,231
301,238
301,242
301,247
301,248
301,251
301,254
301,261
301,265
301,277
301,280
301,284
301,287
301,288
301,294
301,299
301,303
301,304
301,306
301,313
301,316
301,327
301,331
301,335
301,338
301,367
301,368
301,375
301,376
301,377
301,383
301,387
301,396
301,397
301,399
301,400
301,406
301,407
301,410
301,411
301,414
301,415
301,416
301,417
301,418
301,419
301,422
301,424
301,426
301,428
301,429
301,431
302,166
302,171
302,177
302,178
302,179
302,191
302,193
302,194
302,196
302,199
302,202
302,203
302,214
302,219
302,229
302,235
302,237
302,239
302,244
302,249
302,254
302,256
302,259
302,281
302,285
302,289
302,290
302,296
302,303
302,306
302,311
302,321
302,324
302,335
302,347
302,348
302,349
302,362
302,365
302,366
302,367
302,370
302,378
302,389
302,397
302,398
302,401
302,403
302,405
302,406
302,407
302,408
302,410
302,411
302,412
302,413
302,414
302,415
302,417
302,418
302,420
302,422
302,423
302,424
302,426
302,427
302,428
302,429
302,430
302,431
302,432
302,433
303,161
303,162
303,163
303,164
303,165
303,177
303,180
303,182
303,188
303,196
303,197
303,200
303,205
303,212
303,213
303,221
303,222
303,223
303,234
303,240
303,241
303,245
303,248
303,265
303,274
303,276
303,287
303,290
303,304
303,307
303,314
303,338
303,346
303,349
303,353
303,359
303,365
303,372
303,377
303,378
303,380
303,382
303,395
303,403
303,404
303,406
303,407
303,409
303,410
303,411
303,412
303,413
303,415
303,416
303,417
303,418
303,419
303,421
303,422
303,423
303,424
303,426
303,427
303,428
303,430
303,431
303,432
303,433
304,162
304,163
304,168
304,184
304,188
304,191
304,211
304,216
304,217
304,223
304,226
304,233
304,237
304,246
304,248
304,250
304,256
304,259
304,262
304,263
304,268
304,270
304,275
304,280
304,289
304,293
304,296
304,299
304,303
304,305
304,311
304,321
304,325
304,334
304,335
304,337
304,344
304,353
304,365
304,370
304,372
304,376
304,379
304,380
304,389
304,390
304,397
304,403
304,407
304,408
304,409
304,410
304,411
304,414
304,416
304,417
304,418
304,419
304,421
304,422
304,423
304,424
304,425
304,426
304,427
304,428
305,182
305,184
305,196
305,199
305,207
305,208
305,210
305,216
305,232
305,247
305,253
305,254
305,262
305,277
305,279
305,284
305,285
305,298
305,299
305,300
305,301
305,302
305,309
305,315
305,319
305,326
305,332
305,335
305,336
305,340
305,344
305,345
305,349
305,352
305,356
305,369
305,373
305,385
305,386
305,387
305,388
305,389
305,392
305,405
305,406
305,407
305,412
305,416
305,417
305,418
305,419
305,420
305,421
305,422
305,423
305,424
305,425
305,426
305,428
306,189
306,196
306,203
306,205
306,209
306,218
306,223
306,224
306,226
306,230
306,236
306,241
306,242
306,248
306,252
306,254
306,257
306,259
306,273
306,276
306,288
306,309
306,320
306,325
306,332
306,333
306,334
306,336
306,340
306,348
306,352
306,353
306,354
306,357
306,359
306,362
306,371
306,372
306,391
306,392
306,394
306,408
306,415
306,416
306,417
306,418
306,421
306,422
306,423
306,424
306,425
306,427
306,428
306,429
306,430
306,431
306,432
307,165
307,171
307,179
307,180
307,182
307,186
307,189
307,191
307,192
307,204
307,206
307,207
307,213
307,214
307,220
307,226
307,227
307,240
307,246
307,247
307,253
307,256
307,266
307,268
307,279
307,291
307,294
307,297
307,310
307,311
307,320
307,323
307,328
307,331
307,337
307,340
307,344
307,350
307,355
307,379
307,391
307,394
307,401
307,403
307,410
307,412
307,415
307,416
307,417
307,418
307,419
307,421
307,422
307,423
307,424
307,425
307,426
307,427
307,428
307,429
307,430
308,184
308,191
308,200
308,203
308,216
308,231
308,234
308,236
308,241
308,245
308,248
308,252
308,257
308,264
308,270
308,283
308,284
308,288
308,291
308,297
308,303
308,305
308,309
308,321
308,327
308,337
308,341
308,355
308,357
308,359
308,360
308,361
308,368
308,369
308,379
308,383
308,392
308,398
308,400
308,406
308,413
308,414
308,415
308,417
308,422
308,423
308,424
308,425
308,426
308,427
308,428
308,429
309,186
309,191
309,193
309,201
309,209
309,211
309,217
309,222
309,232
309,241
309,243
309,248
309,258
309,259
309,261
309,263
309,274
309,275
309,279
309,293
309,294
309,316
309,321
309,347
309,348
309,357
309,366
309,368
309,372
309,378
309,379
309,392
309,401
309,415
309,416
309,426
309,428
309,429
309,430
310,188
310,191
310,193
310,197
310,200
310,201
310,202
310,217
310,230
310,237
310,239
310,243
310,258
310,259
310,261
310,262
310,263
310,272
310,283
310,292
310,296
310,298
310,312
310,336
310,339
310,352
310,355
310,360
310,362
310,363
310,364
310,366
310,370
310,373
310,378
310,385
310,389
310,395
310,399
310,400
310,401
310,427
310,428
310,429
311,176
311,184
311,194
311,195
311,201
311,202
311,203
311,207
311,208
311,211
311,213
311,217
311,218
311,221
311,223
311,229
311,230
311,231
311,245
311,248
311,252
311,255
311,262
311,290
311,291
311,294
311,298
311,299
311,310
311,322
311,329
311,331
311,332
311,336
311,340
311,345
311,349
311,357
311,365
311,369
311,378
311,380
311,386
311,387
311,396
311,400
311,403
311,407
311,408
311,409
311,412
311,428
312,169
312,178
312,182
312,189
312,203
312,210
312,215
312,216
312,221
312,222
312,224
312,226
312,227
312,235
312,239
312,242
312,244
312,250
312,255
312,259
312,260
312,262
312,263
312,268
312,277
312,283
312,302
312,316
312,324
312,330
312,336
312,339
312,341
312,345
312,353
312,354
312,357
312,360
312,361
312,362
312,364
312,365
312,392
312,401
312,406
312,422
313,164
313,170
313,183
313,188
313,194
313,197
313,200
313,203
313,209
313,210
313,213
313,222
313,224
313,226
313,235
313,247
313,253
313,256
313,264
313,267
313,268
313,287
313,289
313,292
313,310
313,313
313,315
313,318
313,325
313,333
313,346
313,360
313,362
313,375
313,380
313,382
313,384
313,393
313,404
313,421
314,176
314,177
314,190
314,195
314,201
314,215
314,223
314,228
314,230
314,243
314,248
314,254
314,269
314,271
314,278
314,288
314,290
314,292
314,295
314,300
314,304
314,309
314,314
314,322
314,329
314,330
314,350
314,355
314,359
314,367
314,370
314,372
314,382
314,391
314,402
314,411
315,169
315,193
315,197
315,201
315,204
315,208
315,214
315,220
315,224
315,230
315,247
315,250
315,257
315,259
315,282
315,283
315,295
315,296
315,298
315,311
315,326
315,328
315,333
315,336
315,337
315,342
315,347
315,352
315,354
315,364
315,366
315,376
315,377
315,382
315,388
315,392
315,394
315,398
315,414
316,175
316,176
316,184
316,188
316,197
316,205
316,206
316,209
316,213
316,214
316,222
316,224
316,232
316,237
316,241
316,243
316,248
316,250
316,255
316,257
316,258
316,260
316,263
316,268
316,275
316,277
316,288
316,297
316,302
316,313
316,314
316,316
316,321
316,330
316,334
316,337
316,338
316,340
316,341
316,343
316,350
316,352
316,355
316,360
316,363
316,368
316,369
316,378
316,380
316,381
316,382
316,392
316,407
316,409
316,420
317,174
317,177
317,182
317,184
317,188
317,193
317,196
317,199
317,203
317,205
317,214
317,215
317,217
317,219
317,227
317,229
317,233
317,237
317,239
317,247
317,260
317,262
317,269
317,274
317,275
317,281
317,283
317,307
317,323
317,325
317,328
317,338
317,342
317,346
317,347
317,367
317,371
317,376
317,377
317,381
317,394
317,395
317,408
317,409
317,411
317,412
318,177
318,181
318,187
318,202
318,203
318,204
318,205
318,216
318,217
318,221
318,233
318,234
318,236
318,237
318,242
318,243
318,263
318,266
318,269
318,270
318,277
318,279
318,283
318,285
318,301
318,307
318,310
318,311
318,318
318,328
318,330
318,339
318,340
318,343
318,351
318,353
318,356
318,360
318,362
318,366
318,374
318,375
318,379
318,380
318,383
318,387
318,396
318,399
318,415
319,175
319,184
319,189
319,191
319,193
319,194
319,208
319,210
319,212
319,218
319,224
319,234
319,236
319,240
319,242
319,250
319,254
319,256
319,257
319,265
319,266
319,267
319,271
319,273
319,277
319,288
319,294
319,296
319,304
319,308
319,313
319,314
319,315
319,323
319,336
319,337
319,340
319,347
319,348
319,350
319,352
319,354
319,375
319,391
319,395
319,397
319,409
319,411
319,412
319,414
319,417
320,180
320,183
320,200
320,202
320,207
320,208
320,212
320,226
320,234
320,236
320,249
320,250
320,251
320,252
320,253
320,259
320,269
320,281
320,289
320,306
320,308
320,314
320,326
320,329
320,333
320,338
320,339
320,340
320,341
320,342
320,350
320,351
320,357
320,362
320,363
320,374
320,379
320,380
320,386
320,388
320,395
320,399
320,406
320,411
320,413
320,417
321,176
321,195
321,208
321,209
321,210
321,216
321,221
321,224
321,233
321,243
321,253
321,262
321,265
321,272
321,274
321,275
321,279
321,283
321,290
321,297
321,303
321,308
321,313
321,318
321,329
321,334
321,338
321,340
321,344
321,370
321,374
321,376
321,378
321,379
321,382
321,389
321,393
321,394
321,403
322,184
322,186
322,203
322,208
322,210
322,224
322,236
322,237
322,239
322,241
322,242
322,243
322,247
322,248
322,250
322,261
322,272
322,275
322,277
322,279
322,280
322,286
322,292
322,293
322,298
322,300
322,309
322,310
322,312
322,323
322,332
322,333
322,334
322,337
322,348
322,350
322,353
322,359
322,376
322,381
322,387
322,391
322,400
322,410
322,413
322,415
323,183
323,184
323,186
323,193
323,195
323,200
323,204
323,213
323,216
323,217
323,219
323,226
323,229
323,230
323,236
323,240
323,246
323,252
323,255
323,263
323,273
323,275
323,276
323,298
323,301
323,306
323,309
323,310
323,317
323,318
323,320
323,322
323,333
323,336
323,340
323,342
323,357
323,364
323,368
323,373
323,375
323,377
323,386
323,387
323,393
323,401
323,410
323,411
323,415
323,419
324,181
324,182
324,183
324,185
324,197
324,198
324,203
324,219
324,222
324,231
324,233
324,242
324,243
324,251
324,256
324,262
324,270
324,271
324,272
324,274
324,280
324,287
324,295
324,296
324,306
324,308
324,309
324,315
324,316
324,317
324,330
324,331
324,332
324,340
324,341
324,348
324,354
324,355
324,357
324,359
324,371
324,378
324,379
324,380
324,381
324,409
324,413
325,181
325,182
325,183
325,184
325,185
325,186
325,205
325,206
325,209
325,211
325,212
325,217
325,218
325,223
325,244
325,246
325,247
325,266
325,271
325,274
325,276
325,278
325,279
325,280
325,281
325,286
325,292
325,295
325,313
325,315
325,316
325,320
325,328
325,329
325,338
325,341
325,343
325,347
325,348
325,349
325,352
325,353
325,357
325,358
325,359
325,360
325,362
325,364
325,367
325,368
325,370
325,374
325,388
325,391
325,394
325,403
325,405
325,413
326,181
326,182
326,183
326,184
326,185
326,186
326,190
326,192
326,196
326,204
326,209
326,213
326,219
326,250
326,257
326,265
326,266
326,281
326,284
326,288
326,301
326,307
326,309
326,310
326,311
326,313
326,317
326,321
326,322
326,323
326,324
326,326
326,328
326,335
326,338
326,339
326,342
326,351
326,360
326,362
326,369
326,382
326,383
326,388
326,397
326,399
327,193
327,203
327,205
327,206
327,213
327,217
327,226
327,241
327,246
327,249
327,254
327,256
327,270
327,274
327,276
327,285
327,291
327,293
327,296
327,299
327,301
327,322
327,329
327,337
327,339
327,342
327,344
327,345
327,348
327,349
327,355
327,363
327,367
327,369
327,370
327,375
327,381
327,382
327,393
327,397
327,399
327,406
327,407
327,411
328,193
328,194
328,201
328,203
328,208
328,211
328,219
328,225
328,227
328,232
328,235
328,236
328,250
328,254
328,255
328,257
328,265
328,270
328,282
328,283
328,288
328,291
328,299
328,300
328,301
328,302
328,310
328,311
328,317
328,319
328,329
328,336
328,340
328,344
328,346
328,347
328,350
328,354
328,355
328,366
328,369
328,374
328,376
328,377
328,382
328,385
328,391
328,392
328,399
328,413
329,189
329,190
329,198
329,199
329,202
329,210
329,213
329,215
329,220
329,229
329,235
329,238
329,243
329,245
329,251
329,253
329,255
329,263
329,277
329,285
329,289
329,290
329,292
329,295
329,300
329,314
329,320
329,321
329,322
329,324
329,327
329,331
329,338
329,339
329,345
329,353
329,355
329,356
329,359
329,363
329,370
329,371
329,382
329,393
329,401
329,406
330,207
330,227
330,233
330,239
330,242
330,251
330,259
330,262
330,270
330,280
330,282
330,289
330,299
330,304
330,307
330,313
330,319
330,321
330,329
330,331
330,333
330,335
330,338
330,354
330,359
330,361
330,364
330,366
330,370
330,377
330,381
330,393
330,395
330,405
331,190
331,192
331,196
331,200
331,207
331,221
331,226
331,231
331,235
331,236
331,242
331,243
331,247
331,248
331,250
331,259
331,263
331,266
331,272
331,281
331,283
331,288
331,292
331,310
331,312
331,315
331,318
331,320
331,328
331,329
331,334
331,339
331,341
331,347
331,349
331,355
331,356
331,362
331,371
331,377
331,380
331,387
331,388
331,406
331,410
331,411
331,421
332,208
332,212
332,222
332,234
332,238
332,240
332,241
332,243
332,246
332,249
332,253
332,260
332,269
332,276
332,280
332,283
332,284
332,285
332,287
332,289
332,290
332,292
332,293
332,294
332,300
332,303
332,320
332,321
332,326
332,337
332,339
332,347
332,349
332,352
332,355
332,358
332,368
332,369
332,374
332,375
332,383
332,386
332,387
332,397
332,409
333,204
333,206
333,213
333,215
333,225
333,228
333,229
333,230
333,234
333,243
333,244
333,246
333,252
333,257
333,258
333,268
333,273
333,274
333,276
333,277
333,279
333,282
333,284
333,285
333,286
333,289
333,290
333,294
333,297
333,299
333,300
333,309
333,310
333,313
333,320
333,332
333,335
333,338
333,340
333,343
333,344
333,345
333,350
333,352
333,359
333,361
333,363
333,365
333,368
333,370
333,372
333,380
333,391
333,392
333,393
333,405
333,409
333,410
333,416
333,418
334,219
334,226
334,229
334,232
334,242
334,243
334,249
334,250
334,251
334,253
334,254
334,255
334,258
334,266
334,267
334,268
334,275
334,277
334,281
334,288
334,302
334,309
334,313
334,314
334,317
334,322
334,329
334,333
334,336
334,337
334,342
334,344
334,345
334,346
334,349
334,350
334,352
334,356
334,360
334,361
334,362
334,365
334,375
334,381
334,399
334,410
334,412
334,413
334,414
334,415
334,416
334,417
334,418
334,419
334,420
335,209
335,215
335,222
335,225
335,237
335,239
335,241
335,246
335,248
335,250
335,251
335,253
335,254
335,255
335,256
335,268
335,271
335,280
335,284
335,287
335,288
335,292
335,298
335,301
335,302
335,303
335,317
335,324
335,333
335,339
335,341
335,350
335,355
335,356
335,357
335,367
335,368
335,370
335,372
335,377
335,381
335,388
335,392
335,393
335,394
335,403
335,405
335,412
336,199
336,215
336,228
336,229
336,232
336,233
336,238
336,247
336,248
336,249
336,253
336,256
336,262
336,263
336,268
336,270
336,284
336,289
336,291
336,298
336,300
336,305
336,307
336,316
336,318
336,319
336,321
336,329
336,334
336,339
336,346
336,351
336,352
336,355
336,356
336,357
336,365
336,373
336,374
336,375
336,395
336,409
337,200
337,201
337,207
337,218
337,219
337,220
337,221
337,222
337,223
337,226
337,227
337,228
337,232
337,236
337,237
337,240
337,241
337,245
337,247
337,248
337,249
337,251
337,252
337,258
337,270
337,288
337,291
337,293
337,295
337,301
337,315
337,324
337,329
337,341
337,349
337,355
337,368
337,374
337,375
337,388
337,389
337,391
337,394
337,397
338,201
338,208
338,212
338,215
338,216
338,217
338,218
338,219
338,221
338,223
338,225
338,226
338,228
338,229
338,232
338,234
338,235
338,237
338,241
338,243
338,248
338,249
338,252
338,255
338,262
338,267
338,270
338,273
338,280
338,281
338,285
338,287
338,288
338,290
338,293
338,294
338,295
338,307
338,311
338,312
338,322
338,323
338,328
338,333
338,334
338,341
338,343
338,347
338,348
338,351
338,368
338,370
338,371
338,374
338,383
338,390
338,391
338,392
338,394
339,204
339,214
339,215
339,219
339,220
339,223
339,224
339,226
339,233
339,234
339,235
339,237
339,239
339,241
339,246
339,247
339,249
339,251
339,252
339,253
339,254
339,256
339,259
339,264
339,265
339,266
339,268
339,279
339,282
339,283
339,286
339,287
339,288
339,293
339,294
339,296
339,302
339,303
339,310
339,312
339,316
339,319
339,321
339,325
339,328
339,330
339,332
339,334
339,336
339,364
339,366
339,367
339,368
339,374
339,377
339,385
339,391
339,392
339,393
339,398
339,399
339,410
339,413
340,199
340,207
340,208
340,209
340,210
340,211
340,214
340,215
340,216
340,217
340,218
340,219
340,221
340,222
340,223
340,225
340,226
340,227
340,230
340,235
340,238
340,240
340,241
340,242
340,245
340,247
340,250
340,254
340,255
340,256
340,257
340,262
340,263
340,277
340,280
340,287
340,288
340,289
340,290
340,293
340,311
340,314
340,315
340,316
340,319
340,323
340,325
340,340
340,341
340,343
340,348
340,356
340,358
340,363
340,373
340,376
340,377
340,382
340,384
340,389
340,390
340,393
340,411
341,196
341,197
341,198
341,201
341,204
341,205
341,206
341,207
341,209
341,210
341,211
341,213
341,214
341,215
341,216
341,218
341,219
341,221
341,222
341,230
341,236
341,237
341,239
341,240
341,241
341,248
341,249
341,252
341,258
341,265
341,268
341,277
341,283
341,288
341,289
341,296
341,298
341,299
341,310
341,313
341,317
341,324
341,327
341,330
341,336
341,348
341,349
341,368
341,369
341,374
341,377
341,391
341,392
341,395
341,413
342,196
342,197
342,198
342,199
342,200
342,201
342,202
342,203
342,204
342,205
342,206
342,207
342,211
342,213
342,216
342,218
342,220
342,221
342,222
342,224
342,226
342,227
342,228
342,229
342,230
342,233
342,235
342,236
342,238
342,241
342,248
342,249
342,250
342,252
342,254
342,264
342,265
342,266
342,275
342,277
342,281
342,282
342,284
342,287
342,292
342,293
342,300
342,304
342,307
342,312
342,313
342,315
342,319
342,324
342,326
342,329
342,331
342,342
342,344
342,348
342,352
342,358
342,362
342,363
342,367
342,369
342,370
342,372
342,379
342,389
342,400
342,407
342,409
342,410
342,412
342,413
342,414
342,415
342,416
343,197
343,198
343,199
343,200
343,201
343,202
343,203
343,204
343,205
343,206
343,207
343,208
343,209
343,211
343,213
343,214
343,215
343,218
343,219
343,220
343,221
343,223
343,226
343,231
343,235
343,236
343,238
343,242
343,244
343,247
343,248
343,249
343,250
343,251
343,254
343,255
343,257
343,260
343,262
343,265
343,266
343,268
343,269
343,283
343,286
343,288
343,293
343,306
343,308
343,317
343,326
343,327
343,330
343,335
343,339
343,340
343,341
343,354
343,364
343,374
343,377
343,378
343,385
343,387
343,393
343,398
343,400
343,409
343,410
343,411
343,412
343,413
343,414
343,415
343,416
344,199
344,201
344,202
344,203
344,204
344,205
344,208
344,209
344,210
344,213
344,214
344,215
344,216
344,217
344,219
344,220
344,221
344,223
344,224
344,225
344,226
344,227
344,228
344,232
344,234
344,236
344,237
344,238
344,240
344,242
344,243
344,246
344,248
344,249
344,255
344,256
344,259
344,271
344,277
344,278
344,279
344,284
344,288
344,290
344,292
344,297
344,299
344,301
344,304
344,306
344,309
344,311
344,314
344,316
344,329
344,333
344,335
344,337
344,338
344,344
344,353
344,355
344,361
344,374
344,375
344,378
344,385
344,386
344,390
344,407
344,413
344,414
345,202
345,203
345,204
345,205
345,206
345,209
345,210
345,211
345,212
345,214
345,215
345,216
345,217
345,218
345,219
345,220
345,221
345,222
345,223
345,227
345,228
345,229
345,230
345,231
345,232
345,233
345,235
345,237
345,239
345,243
345,244
345,248
345,256
345,257
345,260
345,268
345,271
345,272
345,274
345,275
345,282
345,285
345,299
345,300
345,302
345,305
345,308
345,310
345,311
345,312
345,315
345,317
345,322
345,332
345,335
345,336
345,338
345,371
345,374
345,381
345,386
345,398
346,203
346,204
346,206
346,207
346,208
346,210
346,211
346,212
346,213
346,214
346,216
346,217
346,218
346,219
346,220
346,225
346,226
346,227
346,228
346,230
346,232
346,233
346,234
346,235
346,238
346,239
346,240
346,243
346,245
346,246
346,251
346,255
346,259
346,265
346,271
346,276
346,278
346,284
346,285
346,288
346,290
346,295
346,299
346,312
346,315
346,321
346,323
346,325
346,330
346,341
346,343
346,346
346,350
346,357
346,362
346,368
346,385
346,386
346,392
347,204
347,205
347,206
347,207
347,208
347,209
347,210
347,211
347,212
347,213
347,214
347,216
347,218
347,220
347,221
347,222
347,223
347,225
347,226
347,227
347,228
347,229
347,232
347,237
347,238
347,244
347,245
347,246
347,247
347,248
347,251
347,253
347,254
347,256
347,261
347,263
347,266
347,268
347,270
347,272
347,284
347,295
347,298
347,300
347,302
347,310
347,314
347,324
347,331
347,332
347,335
347,341
347,342
347,353
347,356
347,366
347,372
347,385
347,388
347,391
347,406
348,204
348,205
348,206
348,207
348,208
348,209
348,210
348,211
348,212
348,213
348,214
348,215
348,216
348,217
348,219
348,220
348,221
348,227
348,229
348,230
348,232
348,238
348,243
348,244
348,245
348,247
348,248
348,249
348,252
348,253
348,254
348,255
348,257
348,261
348,274
348,275
348,282
348,285
348,291
348,298
348,302
348,324
348,329
348,330
348,348
348,354
348,375
348,380
348,386
348,387
348,388
348,390
348,397
348,399
348,400
348,404
349,206
349,207
349,208
349,209
349,210
349,211
349,212
349,213
349,214
349,215
349,216
349,221
349,222
349,223
349,224
349,225
349,226
349,228
349,229
349,230
349,231
349,232
349,233
349,234
349,235
349,236
349,237
349,241
349,244
349,246
349,247
349,249
349,251
349,252
349,253
349,255
349,263
349,265
349,266
349,274
349,275
349,281
349,285
349,289
349,291
349,292
349,315
349,317
349,328
349,330
349,331
349,336
349,337
349,342
349,346
349,352
349,353
349,358
349,361
349,367
349,382
349,385
349,389
349,390
349,392
349,393
349,394
349,395
349,396
349,397
349,398
349,399
349,400
350,204
350,205
350,206
350,207
350,208
350,209
350,210
350,212
350,213
350,214
350,216
350,217
350,220
350,221
350,222
350,223
350,225
350,227
350,228
350,229
350,231
350,234
350,236
350,239
350,241
350,242
350,244
350,245
350,248
350,250
350,251
350,252
350,253
350,254
350,255
350,256
350,257
350,259
350,260
350,268
350,275
350,280
350,285
350,298
350,300
350,302
350,308
350,319
350,321
350,322
350,323
350,326
350,334
350,337
350,345
350,347
350,348
350,352
350,356
350,359
350,363
350,367
350,370
350,389
350,390
350,392
350,393
350,397
350,398
350,399
350,400
350,402
350,403
350,404
350,405
351,207
351,208
351,209
351,210
351,211
351,213
351,214
351,215
351,217
351,218
351,219
351,220
351,221
351,222
351,223
351,224
351,226
351,227
351,229
351,231
351,232
351,234
351,241
351,243
351,244
351,246
351,247
351,248
351,249
351,251
351,253
351,258
351,267
351,269
351,272
351,273
351,274
351,276
351,277
351,283
351,286
351,287
351,289
351,296
351,301
351,305
351,309
351,310
351,318
351,319
351,320
351,321
351,338
351,345
351,346
351,351
351,354
351,356
351,359
351,361
351,364
351,366
351,381
351,384
351,388
351,390
351,393
351,394
351,395
351,398
351,399
351,400
351,402
351,403
351,404
351,405
352,207
352,208
352,209
352,210
352,211
352,213
352,214
352,215
352,216
352,217
352,218
352,219
352,221
352,222
352,223
352,224
352,225
352,227
352,228
352,230
352,231
352,232
352,233
352,235
352,236
352,240
352,242
352,243
352,246
352,248
352,251
352,252
352,253
352,254
352,255
352,259
352,263
352,264
352,269
352,270
352,277
352,282
352,283
352,284
352,286
352,287
352,298
352,302
352,304
352,305
352,308
352,310
352,312
352,313
352,315
352,318
352,321
352,327
352,329
352,330
352,332
352,344
352,345
352,351
352,358
352,367
352,372
352,382
352,390
352,391
352,393
352,394
352,395
352,396
352,397
352,398
352,399
352,401
352,403
352,405
352,407
352,408
352,409
353,207
353,208
353,209
353,210
353,211
353,212
353,213
353,214
353,215
353,217
353,218
353,219
353,220
353,221
353,222
353,223
353,224
353,226
353,227
353,230
353,231
353,233
353,235
353,236
353,241
353,243
353,244
353,247
353,251
353,252
353,253
353,258
353,260
353,269
353,271
353,275
353,278
353,279
353,284
353,289
353,290
353,294
353,298
353,301
353,302
353,306
353,307
353,310
353,312
353,315
353,316
353,319
353,322
353,327
353,328
353,330
353,331
353,332
353,346
353,353
353,354
353,364
353,365
353,366
353,368
353,378
353,380
353,386
353,388
353,390
353,391
353,392
353,393
353,394
353,396
353,397
353,398
353,399
353,400
353,401
353,403
353,404
353,405
353,406
353,407
353,408
354,209
354,210
354,211
354,212
354,213
354,214
354,215
354,216
354,217
354,219
354,220
354,222
354,224
354,225
354,227
354,228
354,230
354,232
354,240
354,241
354,243
354,246
354,247
354,248
354,255
354,256
354,261
354,270
354,272
354,281
354,285
354,290
354,292
354,293
354,295
354,296
354,297
354,299
354,301
354,302
354,307
354,308
354,309
354,310
354,311
354,314
354,318
354,320
354,329
354,331
354,333
354,336
354,339
354,340
354,341
354,344
354,356
354,361
354,378
354,390
354,391
354,392
354,394
354,395
354,396
354,397
354,398
354,400
354,401
354,402
354,403
354,404
354,405
354,406
354,407
355,211
355,212
355,213
355,215
355,216
355,217
355,218
355,220
355,223
355,224
355,225
355,226
355,227
355,229
355,230
355,231
355,240
355,245
355,246
355,247
355,252
355,253
355,262
355,265
355,266
355,267
355,268
355,273
355,278
355,279
355,289
355,293
355,295
355,296
355,300
355,302
355,303
355,310
355,311
355,315
355,317
355,320
355,321
355,328
355,329
355,332
355,339
355,345
355,350
355,359
355,366
355,374
355,378
355,382
355,384
355,389
355,393
355,394
355,395
355,396
355,397
355,398
355,399
355,400
355,405
355,406
355,407
355,408
356,211
356,212
356,213
356,214
356,215
356,216
356,217
356,218
356,219
356,220
356,222
356,223
356,224
356,225
356,228
356,229
356,230
356,238
356,243
356,247
356,255
356,259
356,276
356,281
356,298
356,303
356,313
356,316
356,317
356,318
356,319
356,321
356,326
356,338
356,365
356,367
356,377
356,378
356,387
356,394
356,395
356,396
356,397
356,398
356,399
356,400
356,402
356,403
356,404
356,405
356,406
357,214
357,215
357,216
357,217
357,218
357,219
357,220
357,221
357,232
357,233
357,236
357,242
357,244
357,246
357,251
357,252
357,253
357,256
357,270
357,271
357,272
357,274
357,277
357,282
357,286
357,287
357,290
357,292
357,294
357,299
357,304
357,313
357,314
357,316
357,321
357,324
357,326
357,333
357,344
357,350
357,370
357,373
357,378
357,379
357,381
357,382
357,391
357,396
357,397
357,398
357,399
357,403
357,404
357,405
358,212
358,213
358,214
358,215
358,216
358,217
358,219
358,222
358,225
358,229
358,232
358,238
358,239
358,243
358,247
358,261
358,270
358,282
358,286
358,294
358,296
358,297
358,299
358,303
358,307
358,308
358,310
358,312
358,313
358,315
358,317
358,318
358,320
358,322
358,325
358,327
358,333
358,335
358,344
358,353
358,358
358,368
358,373
358,378
358,379
358,380
358,381
358,382
358,383
358,384
358,385
358,397
358,398
359,215
359,216
359,217
359,218
359,219
359,228
359,230
359,233
359,245
359,264
359,272
359,280
359,281
359,302
359,303
359,306
359,309
359,314
359,315
359,316
359,317
359,318
359,319
359,321
359,322
359,331
359,332
359,337
359,343
359,347
359,350
359,358
359,367
359,379
359,380
359,381
359,382
359,383
359,384
359,385
360,216
360,217
360,218
360,255
360,257
360,275
360,277
360,281
360,288
360,289
360,292
360,293
360,300
360,307
360,314
360,316
360,317
360,320
360,321
360,322
360,325
360,332
360,337
360,351
360,358
360,365
360,366
360,381
360,382
360,383
360,385
360,386
361,221
361,224
361,233
361,238
361,247
361,253
361,256
361,273
361,282
361,283
361,284
361,290
361,294
361,295
361,298
361,300
361,301
361,305
361,306
361,308
361,313
361,315
361,316
361,317
361,323
361,332
361,337
361,338
361,342
361,350
361,353
361,356
361,361
361,364
361,367
361,382
361,383
361,384
361,385
361,386
361,387
361,388
362,219
362,220
362,221
362,224
362,251
362,264
362,269
362,273
362,275
362,276
362,277
362,281
362,298
362,302
362,305
362,312
362,315
362,316
362,317
362,319
362,322
362,325
362,327
362,335
362,337
362,357
362,372
362,384
362,385
362,386
362,388
363,250
363,253
363,266
363,285
363,293
363,296
363,299
363,301
363,302
363,305
363,306
363,315
363,319
363,320
363,323
363,324
363,325
363,332
363,333
363,335
363,340
363,343
363,351
363,354
363,357
363,358
364,243
364,244
364,248
364,252
364,263
364,269
364,286
364,296
364,300
364,302
364,303
364,308
364,312
364,313
364,314
364,315
364,318
364,320
364,324
364,328
364,331
364,332
364,334
364,342
364,345
364,354
364,355
364,356
364,357
364,358
364,360
364,361
364,370
364,377
365,236
365,237
365,238
365,239
365,252
365,253
365,260
365,266
365,274
365,281
365,302
365,305
365,306
365,313
365,315
365,319
365,324
365,327
365,328
365,329
365,330
365,332
365,335
365,339
365,340
365,341
365,355
365,356
365,358
365,359
365,360
365,361
365,362
365,363
365,373
366,229
366,234
366,235
366,236
366,237
366,238
366,239
366,250
366,252
366,253
366,256
366,259
366,263
366,265
366,266
366,267
366,272
366,274
366,275
366,282
366,283
366,285
366,296
366,300
366,314
366,317
366,318
366,319
366,321
366,324
366,325
366,327
366,328
366,330
366,333
366,335
366,336
366,338
366,344
366,351
366,352
366,353
366,359
366,362
366,363
366,364
366,365
366,366
367,232
367,233
367,234
367,235
367,236
367,237
367,238
367,239
367,240
367,241
367,262
367,263
367,266
367,267
367,269
367,273
367,280
367,281
367,283
367,285
367,290
367,298
367,301
367,307
367,308
367,311
367,314
367,315
367,316
367,317
367,318
367,320
367,322
367,328
367,329
367,330
367,331
367,334
367,335
367,337
367,345
367,346
367,350
367,362
367,364
367,368
368,234
368,235
368,236
368,239
368,255
368,256
368,257
368,288
368,295
368,297
368,305
368,311
368,318
368,320
368,321
368,323
368,324
368,325
368,327
368,328
368,330
368,331
368,334
368,335
368,336
368,338
368,362
368,363
368,364
368,365
368,368
369,265
369,273
369,277
369,283
369,294
369,314
369,315
369,316
369,323
369,329
369,331
369,332
369,333
369,334
369,335
369,336
369,341
369,342
369,344
369,345
369,364
369,365
370,266
370,268
370,290
370,296
370,298
370,302
370,314
370,315
370,316
370,320
370,322
370,329
370,330
370,331
370,333
370,334
370,335
370,337
370,345
370,346
370,348
370,357
370,361
370,363
370,365
371,251
371,253
371,261
371,264
371,274
371,275
371,289
371,291
371,317
371,327
371,329
371,332
371,333
371,334
371,335
371,336
371,338
371,339
371,341
371,350
371,355
372,241
372,244
372,264
372,265
372,269
372,272
372,275
372,276
372,278
372,284
372,296
372,302
372,307
372,319
372,328
372,329
372,330
372,338
372,339
372,340
372,342
372,345
372,354
373,251
373,260
373,265
373,269
373,270
373,272
373,276
373,277
373,287
373,291
373,299
373,307
373,309
373,319
373,321
373,325
373,328
373,329
373,330
373,331
373,332
373,333
373,334
373,335
373,336
373,338
373,339
373,342
373,352
374,251
374,255
374,257
374,269
374,270
374,284
374,286
374,288
374,290
374,291
374,293
374,305
374,330
374,331
374,333
374,334
374,335
374,336
374,337
374,339
374,340
374,341
374,342
374,351
375,250
375,255
375,256
375,258
375,270
375,275
375,285
375,287
375,289
375,290
375,291
375,292
375,310
375,321
375,333
375,334
375,335
375,337
375,338
375,341
375,342
375,343
375,344
375,356
375,360
376,258
376,272
376,274
376,284
376,285
376,286
376,289
376,290
376,291
376,293
376,313
376,318
376,319
376,326
376,329
376,330
376,333
376,335
376,337
376,338
376,339
376,340
376,341
376,342
376,343
376,344
377,267
377,274
377,275
377,279
377,282
377,286
377,287
377,288
377,289
377,290
377,291
377,292
377,294
377,301
377,304
377,310
377,319
377,330
377,331
377,332
377,333
377,334
377,335
377,338
377,339
377,340
377,341
377,342
377,366
378,258
378,273
378,282
378,283
378,284
378,285
378,286
378,288
378,289
378,290
378,291
378,292
378,293
378,294
378,296
378,299
378,303
378,308
378,310
378,315
378,319
378,325
378,330
378,331
378,332
378,334
378,335
378,337
378,338
378,339
378,340
378,341
378,342
378,343
378,365
378,366
379,259
379,270
379,272
379,274
379,282
379,283
379,285
379,286
379,287
379,288
379,289
379,290
379,291
379,292
379,293
379,297
379,302
379,305
379,329
379,330
379,331
379,332
379,333
379,335
379,340
379,342
379,361
379,366
379,367
380,270
380,271
380,272
380,283
380,284
380,285
380,286
380,289
380,290
380,292
380,295
380,297
380,307
380,311
380,330
380,331
380,332
380,333
380,334
380,335
380,338
380,340
380,341
380,342
380,366
381,259
381,269
381,270
381,271
381,272
381,273
381,275
381,284
381,285
381,286
381,287
381,288
381,290
381,291
381,292
381,295
381,296
381,305
381,307
381,330
381,332
381,333
381,334
381,335
381,336
381,337
381,342
382,270
382,271
382,272
382,273
382,274
382,275
382,276
382,284
382,285
382,288
382,289
382,292
382,293
382,296
382,297
382,299
382,301
382,305
382,317
382,333
382,334
382,335
382,336
382,340
382,342
383,270
383,271
383,273
383,274
383,275
383,276
383,277
383,278
383,282
383,284
383,285
383,286
383,287
383,288
383,290
383,291
383,292
383,293
383,294
383,295
383,296
383,297
383,298
383,300
383,301
383,302
383,304
383,305
383,307
383,308
383,309
383,310
383,318
383,334
383,335
383,336
384,272
384,273
384,274
384,276
384,277
384,278
384,281
384,282
384,283
384,284
384,285
384,286
384,287
384,288
384,290
384,291
384,292
384,293
384,294
384,296
384,297
384,299
384,300
384,301
384,302
384,305
384,306
384,307
384,308
384,309
384,310
385,273
385,274
385,275
385,277
385,278
385,281
385,282
385,283
385,284
385,285
385,286
385,288
385,289
385,290
385,291
385,292
385,293
385,294
385,295
385,296
385,298
385,300
385,301
385,302
385,304
385,305
385,306
385,307
385,308
385,309
385,310
385,317
386,273
386,275
386,276
386,277
386,278
386,280
386,281
386,282
386,283
386,284
386,285
386,286
386,287
386,288
386,289
386,290
386,291
386,292
386,293
386,294
386,295
386,296
386,297
386,299
386,300
386,301
386,302
386,303
386,304
386,305
386,307
386,308
386,309
386,310
386,311
386,312
387,279
387,281
387,282
387,286
387,287
387,289
387,290
387,291
387,292
387,293
387,294
387,295
387,296
387,297
387,298
387,299
387,300
387,301
387,302
387,303
387,304
387,305
387,306
387,308
387,309
387,311
387,312
387,313
388,292
388,293
388,295
388,296
388,297
388,298
388,299
388,300
388,301
388,302
388,303
388,304
388,305
388,306
388,307
388,308
388,309
388,310
388,311
388,312
389,295
389,296
389,297
389,298
389,299
389,300
389,301
389,302
389,303
389,304
389,305
389,306
389,308
389,310
389,311
390,296
390,297
390,298
390,299
390,300
390,301
390,302
390,303
390,304
390,305
390,306
390,307
390,308
390,309
391,305
391,307
391,308
