215,294
215,295
216,295
216,297
216,309
216,333
217,294
217,295
217,297
217,310
217,332
217,333
217,334
218,282
218,285
218,294
218,333
218,334
218,335
218,336
218,337
218,338
219,263
219,294
219,303
219,333
219,334
219,335
219,336
219,337
219,338
219,339
219,340
219,345
219,346
219,347
220,261
220,262
220,263
220,290
220,291
220,301
220,329
220,330
220,332
220,333
220,334
220,335
220,336
220,337
220,339
220,340
220,341
220,345
220,346
220,347
220,348
220,349
220,350
221,262
221,267
221,295
221,298
221,301
221,308
221,311
221,328
221,331
221,332
221,333
221,334
221,335
221,336
221,337
221,338
221,339
221,340
221,345
221,346
221,347
221,348
221,351
221,352
221,353
222,278
222,290
222,295
222,296
222,299
222,301
222,321
222,326
222,327
222,328
222,329
222,330
222,331
222,333
222,335
222,336
222,337
222,338
222,339
222,340
222,341
222,343
222,345
222,346
222,347
222,348
222,349
222,351
222,352
222,353
223,273
223,278
223,280
223,281
223,294
223,297
223,299
223,319
223,327
223,328
223,329
223,332
223,333
223,334
223,335
223,336
223,338
223,339
223,340
223,344
223,345
223,347
223,348
223,349
223,351
223,352
223,353
224,265
224,276
224,283
224,291
224,292
224,294
224,295
224,300
224,305
224,306
224,307
224,311
224,319
224,325
224,326
224,328
224,329
224,331
224,332
224,333
224,334
224,335
224,336
224,337
224,338
224,339
224,340
224,345
224,346
224,347
224,348
224,350
224,351
224,352
225,287
225,292
225,293
225,294
225,304
225,305
225,306
225,308
225,312
225,317
225,318
225,319
225,322
225,323
225,324
225,325
225,326
225,327
225,328
225,330
225,331
225,332
225,333
225,335
225,338
225,339
225,345
225,346
225,347
225,348
225,350
225,351
225,352
225,353
225,354
226,282
226,284
226,291
226,292
226,294
226,296
226,299
226,302
226,306
226,307
226,312
226,315
226,317
226,320
226,322
226,323
226,324
226,325
226,326
226,327
226,328
226,329
226,330
226,331
226,334
226,336
226,337
226,338
226,346
226,348
226,349
226,350
226,351
227,246
227,265
227,269
227,282
227,290
227,294
227,298
227,300
227,303
227,304
227,318
227,322
227,324
227,325
227,327
227,329
227,334
227,336
227,339
227,346
227,347
227,349
227,351
227,357
227,369
228,270
228,272
228,276
228,287
228,297
228,298
228,299
228,305
228,309
228,312
228,313
228,316
228,318
228,322
228,324
228,325
228,326
228,327
228,328
228,329
228,331
228,335
228,336
228,337
228,339
228,348
228,351
228,355
229,240
229,274
229,275
229,282
229,285
229,286
229,288
229,291
229,301
229,306
229,311
229,314
229,315
229,316
229,317
229,318
229,319
229,322
229,324
229,325
229,326
229,328
229,329
229,330
229,331
229,334
229,335
229,336
229,337
229,348
229,352
229,354
229,359
229,361
229,366
230,247
230,252
230,266
230,269
230,275
230,277
230,282
230,287
230,288
230,290
230,292
230,295
230,301
230,307
230,309
230,314
230,316
230,319
230,320
230,321
230,322
230,323
230,324
230,325
230,326
230,334
230,335
230,336
230,337
230,338
230,342
230,358
230,366
231,257
231,270
231,278
231,302
231,306
231,312
231,314
231,316
231,317
231,318
231,319
231,323
231,325
231,330
231,334
231,339
231,345
231,350
231,373
231,374
231,375
231,377
231,378
232,236
232,237
232,249
232,264
232,269
232,272
232,273
232,280
232,281
232,290
232,296
232,298
232,300
232,305
232,310
232,313
232,314
232,315
232,317
232,318
232,320
232,321
232,322
232,323
232,324
232,343
232,344
232,345
232,356
232,364
232,368
232,372
232,373
232,374
232,375
232,376
232,377
232,378
232,379
233,236
233,237
233,238
233,239
233,240
233,265
233,269
233,270
233,274
233,279
233,287
233,288
233,289
233,290
233,292
233,294
233,299
233,300
233,304
233,308
233,310
233,312
233,313
233,314
233,315
233,316
233,317
233,318
233,322
233,324
233,325
233,328
233,342
233,351
233,367
233,368
233,369
233,371
233,372
233,373
233,374
233,375
233,376
233,377
233,378
233,379
233,380
234,236
234,237
234,238
234,239
234,240
234,256
234,257
234,263
234,265
234,267
234,270
234,275
234,279
234,286
234,295
234,297
234,302
234,306
234,312
234,313
234,322
234,327
234,337
234,340
234,343
234,345
234,348
234,354
234,361
234,362
234,363
234,364
234,365
234,366
234,367
234,368
234,369
234,370
234,371
234,372
234,373
234,374
234,375
234,376
234,377
234,378
234,379
234,380
235,236
235,238
235,239
235,240
235,241
235,242
235,243
235,258
235,259
235,261
235,270
235,271
235,272
235,275
235,278
235,285
235,293
235,295
235,307
235,310
235,311
235,313
235,314
235,323
235,324
235,325
235,334
235,340
235,342
235,343
235,344
235,345
235,346
235,347
235,351
235,356
235,361
235,362
235,363
235,364
235,365
235,366
235,367
235,369
235,370
235,371
235,372
235,373
235,374
235,375
235,376
235,377
235,378
235,379
235,380
235,382
235,383
235,384
236,221
236,223
236,224
236,229
236,238
236,239
236,241
236,242
236,243
236,247
236,248
236,249
236,250
236,253
236,254
236,255
236,256
236,257
236,259
236,260
236,265
236,276
236,278
236,281
236,282
236,284
236,285
236,290
236,300
236,302
236,304
236,308
236,309
236,310
236,311
236,312
236,315
236,318
236,331
236,341
236,342
236,345
236,348
236,350
236,361
236,363
236,364
236,365
236,366
236,367
236,369
236,370
236,372
236,373
236,374
236,375
236,376
236,377
236,378
236,381
236,382
236,383
236,384
237,221
237,222
237,244
237,248
237,255
237,256
237,258
237,260
237,267
237,272
237,281
237,283
237,301
237,304
237,307
237,308
237,310
237,311
237,312
237,321
237,324
237,332
237,333
237,335
237,341
237,342
237,344
237,348
237,352
237,357
237,361
237,362
237,363
237,364
237,365
237,366
237,367
237,368
237,372
237,374
237,375
237,377
237,378
237,380
237,382
237,383
237,384
237,385
238,221
238,222
238,223
238,224
238,225
238,239
238,244
238,251
238,254
238,258
238,259
238,261
238,264
238,266
238,277
238,279
238,281
238,284
238,286
238,289
238,299
238,300
238,308
238,313
238,315
238,320
238,326
238,333
238,338
238,340
238,342
238,344
238,348
238,353
238,355
238,361
238,362
238,363
238,364
238,366
238,368
238,369
238,370
238,371
238,372
238,373
238,374
238,375
238,376
238,377
238,378
238,379
238,380
238,381
238,382
238,386
239,217
239,218
239,219
239,221
239,222
239,223
239,224
239,225
239,244
239,246
239,250
239,258
239,262
239,273
239,275
239,277
239,278
239,279
239,281
239,297
239,299
239,303
239,310
239,321
239,324
239,328
239,331
239,338
239,341
239,342
239,344
239,353
239,356
239,358
239,361
239,364
239,365
239,366
239,367
239,369
239,372
239,373
239,374
239,376
239,378
239,379
239,380
239,381
240,216
240,217
240,218
240,219
240,220
240,222
240,223
240,224
240,225
240,233
240,249
240,252
240,255
240,258
240,261
240,263
240,277
240,279
240,281
240,284
240,286
240,294
240,298
240,304
240,309
240,312
240,314
240,316
240,327
240,334
240,356
240,358
240,359
240,361
240,362
240,364
240,365
240,367
240,370
240,371
240,372
240,373
240,377
240,378
240,379
240,380
240,381
241,215
241,216
241,217
241,218
241,219
241,220
241,221
241,222
241,223
241,224
241,225
241,242
241,245
241,246
241,252
241,256
241,258
241,260
241,266
241,267
241,269
241,270
241,271
241,272
241,276
241,278
241,282
241,283
241,285
241,298
241,299
241,303
241,305
241,306
241,308
241,309
241,311
241,315
241,325
241,333
241,334
241,337
241,350
241,354
241,360
241,364
241,365
241,367
241,368
241,369
241,370
241,371
241,372
241,373
241,374
241,376
241,378
241,379
241,380
241,381
242,210
242,212
242,213
242,214
242,215
242,216
242,217
242,218
242,219
242,220
242,222
242,223
242,224
242,225
242,226
242,231
242,235
242,236
242,240
242,245
242,249
242,259
242,261
242,265
242,274
242,277
242,278
242,279
242,280
242,281
242,285
242,286
242,293
242,294
242,296
242,302
242,305
242,307
242,308
242,310
242,313
242,316
242,317
242,324
242,332
242,334
242,336
242,337
242,338
242,339
242,342
242,346
242,359
242,360
242,365
242,366
242,367
242,369
242,371
242,372
242,373
242,374
242,375
242,377
242,378
242,379
242,380
242,381
242,385
243,211
243,212
243,213
243,214
243,215
243,217
243,218
243,219
243,220
243,221
243,222
243,224
243,226
243,227
243,233
243,249
243,253
243,258
243,272
243,274
243,280
243,284
243,287
243,292
243,300
243,304
243,306
243,308
243,309
243,312
243,326
243,329
243,331
243,334
243,338
243,340
243,344
243,352
243,356
243,358
243,359
243,360
243,362
243,363
243,364
243,365
243,366
243,367
243,368
243,370
243,371
243,372
243,373
243,374
243,376
243,377
243,380
243,381
244,209
244,210
244,211
244,212
244,213
244,214
244,215
244,216
244,217
244,218
244,219
244,220
244,221
244,222
244,223
244,224
244,225
244,226
244,227
244,244
244,248
244,254
244,260
244,267
244,270
244,271
244,272
244,274
244,276
244,281
244,283
244,285
244,286
244,294
244,302
244,306
244,310
244,312
244,315
244,319
244,322
244,325
244,329
244,330
244,335
244,336
244,337
244,338
244,340
244,342
244,347
244,351
244,357
244,359
244,361
244,362
244,363
244,365
244,366
244,368
244,369
244,370
244,371
244,372
244,373
244,374
244,375
244,376
244,377
244,378
244,379
244,382
244,385
244,397
245,210
245,211
245,212
245,213
245,214
245,215
245,216
245,218
245,219
245,220
245,222
245,224
245,225
245,226
245,227
245,239
245,240
245,251
245,252
245,253
245,259
245,260
245,265
245,266
245,267
245,268
245,275
245,276
245,278
245,280
245,282
245,283
245,284
245,285
245,286
245,294
245,306
245,307
245,313
245,330
245,333
245,334
245,335
245,338
245,339
245,340
245,344
245,353
245,355
245,356
245,358
245,359
245,362
245,363
245,368
245,369
245,372
245,373
245,376
245,377
245,379
245,380
245,381
245,382
245,392
246,202
246,203
246,204
246,205
246,208
246,209
246,210
246,211
246,212
246,213
246,214
246,215
246,216
246,217
246,218
246,219
246,220
246,222
246,223
246,224
246,225
246,227
246,238
246,240
246,241
246,244
246,262
246,264
246,267
246,274
246,277
246,278
246,279
246,280
246,281
246,283
246,284
246,286
246,288
246,291
246,293
246,297
246,306
246,307
246,318
246,320
246,324
246,326
246,330
246,334
246,339
246,346
246,350
246,355
246,357
246,359
246,360
246,362
246,363
246,364
246,365
246,368
246,372
246,373
246,374
246,375
246,377
246,378
246,391
246,402
247,201
247,202
247,203
247,204
247,205
247,206
247,207
247,208
247,209
247,210
247,211
247,212
247,214
247,215
247,216
247,219
247,220
247,221
247,224
247,225
247,226
247,227
247,231
247,242
247,243
247,244
247,252
247,263
247,264
247,268
247,271
247,276
247,280
247,282
247,283
247,287
247,290
247,291
247,306
247,312
247,318
247,329
247,332
247,333
247,334
247,336
247,337
247,340
247,347
247,352
247,354
247,357
247,358
247,360
247,362
247,364
247,365
247,366
247,367
247,370
247,371
247,373
247,374
247,376
247,396
247,400
247,405
248,202
248,203
248,204
248,206
248,207
248,208
248,209
248,210
248,211
248,212
248,213
248,214
248,215
248,220
248,221
248,222
248,223
248,224
248,225
248,227
248,228
248,229
248,230
248,232
248,234
248,238
248,239
248,240
248,242
248,243
248,245
248,246
248,249
248,254
248,256
248,258
248,260
248,262
248,267
248,268
248,269
248,271
248,273
248,276
248,277
248,280
248,282
248,284
248,285
248,286
248,287
248,288
248,290
248,292
248,297
248,301
248,303
248,311
248,313
248,320
248,324
248,330
248,334
248,335
248,336
248,338
248,340
248,342
248,344
248,349
248,355
248,356
248,358
248,359
248,360
248,365
248,367
248,368
248,369
248,370
248,371
248,372
248,374
248,375
248,376
248,377
248,383
248,390
248,391
248,402
249,203
249,204
249,205
249,206
249,207
249,208
249,209
249,210
249,211
249,212
249,213
249,214
249,215
249,216
249,217
249,218
249,219
249,220
249,222
249,223
249,224
249,225
249,226
249,227
249,228
249,230
249,231
249,233
249,236
249,239
249,240
249,243
249,245
249,247
249,248
249,252
249,255
249,257
249,258
249,265
249,270
249,273
249,275
249,281
249,284
249,285
249,292
249,297
249,300
249,301
249,304
249,308
249,311
249,318
249,319
249,321
249,329
249,332
249,334
249,339
249,343
249,346
249,349
249,350
249,354
249,355
249,356
249,359
249,361
249,365
249,366
249,367
249,368
249,371
249,372
249,373
249,375
249,384
249,390
249,391
250,203
250,204
250,206
250,207
250,208
250,209
250,210
250,211
250,212
250,215
250,216
250,217
250,218
250,219
250,220
250,221
250,222
250,223
250,224
250,227
250,228
250,229
250,231
250,232
250,233
250,237
250,239
250,242
250,245
250,248
250,250
250,253
250,256
250,262
250,266
250,269
250,271
250,272
250,273
250,274
250,276
250,279
250,287
250,288
250,291
250,295
250,301
250,304
250,308
250,315
250,320
250,327
250,332
250,335
250,350
250,352
250,353
250,354
250,357
250,361
250,366
250,368
250,369
250,370
250,373
250,374
250,377
250,389
250,394
250,395
250,396
250,403
251,203
251,204
251,205
251,207
251,208
251,209
251,210
251,211
251,212
251,217
251,218
251,219
251,222
251,225
251,227
251,228
251,229
251,230
251,231
251,233
251,234
251,237
251,240
251,245
251,248
251,249
251,251
251,257
251,258
251,265
251,279
251,280
251,283
251,289
251,290
251,302
251,304
251,317
251,321
251,326
251,329
251,331
251,332
251,341
251,348
251,349
251,350
251,351
251,352
251,357
251,358
251,359
251,362
251,364
251,367
251,368
251,370
251,371
251,374
251,375
251,386
251,389
251,397
251,399
252,200
252,201
252,202
252,203
252,204
252,205
252,206
252,207
252,208
252,211
252,212
252,213
252,214
252,215
252,216
252,219
252,224
252,225
252,226
252,227
252,228
252,229
252,230
252,231
252,234
252,235
252,238
252,240
252,241
252,242
252,249
252,250
252,254
252,255
252,256
252,266
252,270
252,271
252,274
252,283
252,284
252,292
252,294
252,297
252,298
252,303
252,317
252,319
252,324
252,327
252,328
252,333
252,334
252,335
252,345
252,347
252,350
252,351
252,354
252,355
252,359
252,370
252,372
252,373
252,375
252,380
252,381
252,383
252,384
252,386
252,387
252,389
252,399
252,406
252,407
252,408
252,409
253,199
253,200
253,201
253,202
253,204
253,205
253,206
253,207
253,208
253,209
253,211
253,212
253,213
253,214
253,215
253,216
253,217
253,219
253,220
253,223
253,227
253,231
253,232
253,235
253,236
253,238
253,239
253,240
253,241
253,242
253,243
253,244
253,245
253,246
253,249
253,251
253,252
253,257
253,258
253,259
253,266
253,269
253,274
253,275
253,277
253,278
253,281
253,283
253,286
253,288
253,289
253,292
253,315
253,325
253,328
253,333
253,342
253,345
253,346
253,347
253,349
253,350
253,353
253,354
253,356
253,358
253,359
253,361
253,362
253,363
253,367
253,368
253,371
253,373
253,374
253,377
253,378
253,382
253,383
253,386
253,387
253,388
253,390
253,391
253,393
253,394
253,395
253,399
253,400
253,402
253,403
253,404
253,405
253,406
253,407
253,409
253,410
254,201
254,202
254,203
254,204
254,205
254,206
254,207
254,208
254,209
254,210
254,212
254,214
254,215
254,218
254,220
254,222
254,227
254,228
254,229
254,232
254,234
254,236
254,238
254,239
254,241
254,242
254,244
254,246
254,247
254,249
254,252
254,253
254,255
254,256
254,257
254,258
254,260
254,262
254,264
254,274
254,275
254,278
254,279
254,281
254,283
254,284
254,295
254,301
254,306
254,311
254,313
254,319
254,321
254,324
254,325
254,329
254,333
254,335
254,339
254,344
254,349
254,355
254,356
254,357
254,359
254,360
254,361
254,364
254,365
254,366
254,370
254,371
254,372
254,373
254,374
254,375
254,377
254,381
254,383
254,385
254,386
254,387
254,389
254,390
254,391
254,392
254,394
254,395
254,397
254,399
254,400
254,401
254,402
254,403
254,404
254,405
254,406
254,407
254,408
254,409
254,410
254,411
254,412
255,202
255,203
255,204
255,205
255,212
255,215
255,218
255,219
255,221
255,222
255,223
255,226
255,227
255,229
255,232
255,234
255,238
255,239
255,241
255,245
255,246
255,248
255,251
255,255
255,256
255,258
255,259
255,261
255,263
255,266
255,269
255,271
255,272
255,278
255,290
255,292
255,293
255,298
255,301
255,307
255,308
255,309
255,315
255,322
255,326
255,327
255,332
255,342
255,345
255,349
255,350
255,352
255,353
255,355
255,359
255,360
255,361
255,363
255,367
255,368
255,370
255,371
255,372
255,373
255,374
255,376
255,378
255,381
255,382
255,383
255,385
255,386
255,387
255,388
255,389
255,390
255,393
255,394
255,396
255,397
255,398
255,399
255,400
255,401
255,402
255,403
255,404
255,406
255,407
255,408
255,409
255,410
255,411
255,412
256,204
256,217
256,218
256,222
256,225
256,227
256,228
256,229
256,231
256,237
256,241
256,242
256,248
256,249
256,253
256,254
256,255
256,261
256,266
256,270
256,275
256,276
256,283
256,290
256,291
256,292
256,295
256,297
256,300
256,304
256,309
256,315
256,317
256,321
256,325
256,329
256,332
256,333
256,340
256,341
256,342
256,343
256,345
256,346
256,349
256,350
256,351
256,352
256,353
256,358
256,360
256,363
256,366
256,367
256,368
256,370
256,371
256,373
256,377
256,378
256,380
256,382
256,384
256,386
256,389
256,390
256,391
256,392
256,394
256,395
256,396
256,397
256,398
256,399
256,402
256,404
256,405
256,406
256,407
256,408
256,409
256,410
256,411
256,412
256,413
256,414
257,226
257,228
257,233
257,234
257,235
257,236
257,237
257,238
257,239
257,240
257,241
257,243
257,245
257,246
257,247
257,248
257,252
257,255
257,259
257,263
257,266
257,267
257,271
257,274
257,277
257,282
257,287
257,293
257,306
257,310
257,315
257,324
257,326
257,329
257,330
257,331
257,334
257,337
257,341
257,348
257,351
257,355
257,359
257,360
257,364
257,365
257,367
257,368
257,371
257,373
257,375
257,376
257,381
257,384
257,389
257,390
257,391
257,393
257,395
257,396
257,397
257,398
257,399
257,400
257,401
257,402
257,403
257,404
257,405
257,407
257,408
257,409
257,410
257,411
257,412
257,413
257,414
258,214
258,217
258,219
258,232
258,235
258,237
258,240
258,241
258,243
258,245
258,246
258,247
258,254
258,262
258,264
258,265
258,268
258,272
258,273
258,274
258,275
258,276
258,277
258,278
258,281
258,286
258,291
258,292
258,294
258,297
258,298
258,304
258,313
258,319
258,320
258,321
258,325
258,334
258,343
258,346
258,350
258,351
258,354
258,364
258,369
258,370
258,373
258,376
258,377
258,378
258,384
258,387
258,388
258,389
258,390
258,391
258,393
258,394
258,395
258,396
258,397
258,398
258,399
258,400
258,401
258,402
258,404
258,405
258,406
258,407
258,408
258,409
258,410
258,411
258,412
258,413
259,209
259,211
259,217
259,221
259,229
259,231
259,235
259,236
259,239
259,240
259,241
259,244
259,246
259,247
259,248
259,253
259,257
259,258
259,261
259,262
259,266
259,270
259,274
259,276
259,280
259,281
259,282
259,284
259,287
259,290
259,291
259,293
259,296
259,304
259,305
259,312
259,324
259,326
259,327
259,329
259,330
259,332
259,334
259,336
259,339
259,340
259,342
259,345
259,347
259,348
259,350
259,352
259,355
259,357
259,358
259,360
259,362
259,364
259,366
259,367
259,368
259,369
259,371
259,375
259,377
259,378
259,381
259,384
259,385
259,386
259,388
259,389
259,391
259,392
259,393
259,394
259,395
259,404
259,405
259,406
259,407
259,408
259,410
259,411
259,412
260,207
260,211
260,212
260,214
260,219
260,220
260,222
260,233
260,236
260,238
260,240
260,242
260,245
260,250
260,252
260,256
260,260
260,261
260,262
260,264
260,265
260,273
260,274
260,275
260,276
260,285
260,286
260,288
260,289
260,301
260,309
260,314
260,323
260,330
260,332
260,343
260,345
260,349
260,351
260,352
260,353
260,354
260,356
260,358
260,360
260,361
260,362
260,364
260,367
260,368
260,373
260,374
260,375
260,376
260,378
260,379
260,380
260,381
260,384
260,385
260,386
260,389
260,391
260,392
260,394
260,395
260,400
260,405
260,406
260,407
260,408
260,413
261,232
261,233
261,238
261,240
261,241
261,247
261,248
261,251
261,254
261,255
261,257
261,260
261,266
261,267
261,268
261,272
261,274
261,280
261,286
261,288
261,289
261,291
261,295
261,302
261,303
261,315
261,319
261,327
261,328
261,329
261,331
261,333
261,337
261,345
261,347
261,348
261,349
261,350
261,351
261,357
261,361
261,363
261,365
261,366
261,369
261,371
261,375
261,377
261,378
261,379
261,381
261,385
261,386
261,388
261,389
261,390
261,391
261,392
261,393
261,400
261,406
261,409
262,202
262,204
262,210
262,217
262,225
262,230
262,232
262,238
262,241
262,248
262,252
262,254
262,255
262,263
262,265
262,275
262,279
262,280
262,282
262,283
262,284
262,287
262,293
262,301
262,309
262,311
262,316
262,326
262,327
262,331
262,339
262,344
262,346
262,347
262,349
262,352
262,354
262,357
262,358
262,359
262,360
262,361
262,366
262,367
262,368
262,370
262,377
262,386
262,388
262,390
262,392
262,393
262,394
262,401
262,402
263,198
263,201
263,209
263,212
263,216
263,219
263,235
263,236
263,243
263,246
263,247
263,248
263,252
263,256
263,257
263,260
263,262
263,264
263,265
263,269
263,275
263,277
263,289
263,299
263,306
263,309
263,316
263,328
263,333
263,338
263,340
263,341
263,342
263,343
263,350
263,353
263,355
263,357
263,366
263,368
263,384
263,407
263,422
264,197
264,212
264,224
264,228
264,229
264,240
264,241
264,242
264,245
264,246
264,247
264,248
264,249
264,251
264,254
264,258
264,260
264,262
264,268
264,270
264,286
264,289
264,292
264,297
264,302
264,303
264,309
264,310
264,321
264,327
264,328
264,334
264,335
264,338
264,340
264,343
264,345
264,352
264,354
264,360
264,365
264,370
264,373
264,379
264,385
264,386
264,393
264,398
264,400
264,406
264,407
264,419
265,206
265,209
265,225
265,239
265,242
265,243
265,245
265,252
265,254
265,266
265,270
265,280
265,283
265,285
265,287
265,293
265,296
265,302
265,314
265,315
265,317
265,318
265,319
265,322
265,323
265,331
265,333
265,337
265,338
265,340
265,342
265,343
265,349
265,350
265,354
265,365
265,366
265,367
265,368
265,369
265,374
265,376
265,379
265,396
265,397
265,398
265,401
265,402
265,403
265,405
265,415
265,418
266,194
266,197
266,200
266,201
266,203
266,212
266,222
266,224
266,225
266,239
266,242
266,249
266,253
266,269
266,270
266,275
266,276
266,277
266,279
266,282
266,283
266,284
266,287
266,291
266,293
266,306
266,308
266,310
266,319
266,322
266,323
266,326
266,327
266,330
266,333
266,335
266,341
266,349
266,350
266,352
266,359
266,361
266,363
266,371
266,377
266,379
266,380
266,406
266,412
267,194
267,199
267,200
267,222
267,224
267,225
267,229
267,236
267,240
267,245
267,254
267,255
267,261
267,265
267,273
267,274
267,279
267,281
267,282
267,285
267,290
267,291
267,293
267,301
267,310
267,312
267,323
267,336
267,338
267,340
267,341
267,342
267,347
267,351
267,356
267,357
267,358
267,360
267,365
267,367
267,373
267,375
267,378
267,382
267,383
267,385
267,393
267,394
267,411
267,423
267,426
268,185
268,186
268,188
268,194
268,195
268,196
268,197
268,199
268,200
268,205
268,206
268,208
268,213
268,214
268,216
268,217
268,218
268,219
268,226
268,229
268,231
268,232
268,243
268,244
268,259
268,260
268,267
268,270
268,280
268,284
268,285
268,304
268,307
268,310
268,312
268,313
268,316
268,319
268,323
268,339
268,340
268,348
268,350
268,352
268,354
268,359
268,367
268,378
268,384
268,387
268,388
268,393
268,400
268,419
268,429
268,430
269,185
269,186
269,187
269,188
269,189
269,193
269,194
269,195
269,197
269,199
269,220
269,224
269,230
269,233
269,236
269,239
269,251
269,254
269,256
269,272
269,275
269,276
269,277
269,279
269,280
269,281
269,282
269,285
269,288
269,293
269,300
269,307
269,311
269,315
269,317
269,318
269,327
269,329
269,333
269,337
269,338
269,341
269,343
269,344
269,348
269,351
269,352
269,356
269,366
269,370
269,374
269,384
269,387
269,396
269,399
269,427
269,429
269,430
269,431
269,432
270,183
270,184
270,185
270,186
270,187
270,188
270,189
270,190
270,191
270,192
270,193
270,194
270,195
270,196
270,197
270,199
270,202
270,208
270,212
270,214
270,216
270,217
270,219
270,221
270,226
270,227
270,228
270,229
270,243
270,255
270,256
270,262
270,263
270,266
270,267
270,268
270,274
270,276
270,279
270,280
270,283
270,284
270,288
270,289
270,291
270,305
270,307
270,311
270,318
270,319
270,323
270,325
270,329
270,331
270,335
270,337
270,344
270,345
270,346
270,348
270,361
270,368
270,369
270,384
270,391
270,392
270,394
270,397
270,402
270,426
270,428
270,429
270,430
270,431
270,432
270,433
271,182
271,183
271,184
271,185
271,186
271,187
271,188
271,189
271,190
271,191
271,192
271,193
271,194
271,195
271,196
271,198
271,199
271,200
271,212
271,213
271,214
271,228
271,241
271,243
271,244
271,246
271,247
271,273
271,275
271,280
271,282
271,291
271,298
271,300
271,304
271,306
271,307
271,314
271,320
271,321
271,326
271,331
271,336
271,348
271,350
271,353
271,363
271,369
271,378
271,382
271,386
271,390
271,393
271,399
271,400
271,403
271,409
271,410
271,421
271,422
271,423
271,424
271,425
271,426
271,427
271,428
271,429
271,430
271,431
271,432
271,433
271,434
272,185
272,186
272,187
272,188
272,189
272,190
272,191
272,192
272,193
272,195
272,196
272,198
272,199
272,205
272,209
272,211
272,218
272,256
272,260
272,273
272,274
272,285
272,288
272,292
272,293
272,300
272,309
272,313
272,316
272,318
272,323
272,330
272,335
272,348
272,349
272,350
272,353
272,358
272,359
272,360
272,361
272,362
272,366
272,371
272,375
272,381
272,387
272,388
272,389
272,394
272,402
272,411
272,413
272,416
272,424
272,425
272,426
272,428
272,429
272,430
272,431
272,432
272,433
272,434
272,435
273,185
273,186
273,187
273,188
273,189
273,190
273,191
273,192
273,193
273,194
273,195
273,196
273,197
273,199
273,202
273,203
273,205
273,207
273,208
273,209
273,210
273,211
273,217
273,227
273,230
273,231
273,233
273,246
273,250
273,251
273,254
273,255
273,260
273,268
273,270
273,273
273,275
273,279
273,281
273,283
273,289
273,290
273,291
273,293
273,311
273,321
273,333
273,339
273,341
273,344
273,345
273,346
273,351
273,352
273,359
273,365
273,373
273,377
273,379
273,382
273,392
273,393
273,396
273,405
273,408
273,421
273,422
273,423
273,426
273,427
273,428
273,429
273,431
273,432
273,433
273,434
274,184
274,185
274,186
274,187
274,188
274,189
274,190
274,192
274,193
274,194
274,195
274,197
274,198
274,199
274,200
274,201
274,203
274,204
274,205
274,209
274,217
274,222
274,223
274,232
274,244
274,253
274,258
274,259
274,266
274,276
274,293
274,301
274,303
274,305
274,319
274,326
274,331
274,337
274,338
274,340
274,341
274,345
274,349
274,351
274,369
274,379
274,392
274,408
274,419
274,421
274,425
274,426
274,427
274,428
274,429
274,430
274,431
274,432
274,434
274,435
275,180
275,181
275,182
275,184
275,185
275,186
275,188
275,189
275,190
275,191
275,194
275,195
275,196
275,198
275,199
275,201
275,202
275,203
275,206
275,207
275,211
275,216
275,220
275,223
275,228
275,232
275,236
275,242
275,244
275,248
275,251
275,258
275,261
275,266
275,270
275,271
275,272
275,275
275,280
275,287
275,291
275,294
275,316
275,319
275,328
275,331
275,343
275,349
275,361
275,366
275,367
275,368
275,369
275,370
275,371
275,379
275,384
275,385
275,391
275,392
275,396
275,418
276,184
276,193
276,201
276,204
276,206
276,208
276,209
276,210
276,219
276,221
276,226
276,230
276,236
276,241
276,251
276,267
276,274
276,276
276,277
276,278
276,279
276,280
276,287
276,289
276,290
276,303
276,305
276,311
276,313
276,314
276,326
276,327
276,331
276,332
276,336
276,341
276,343
276,345
276,350
276,372
276,374
276,378
276,387
276,399
276,400
276,411
276,418
277,189
277,196
277,223
277,227
277,245
277,261
277,264
277,268
277,271
277,272
277,274
277,275
277,278
277,279
277,281
277,291
277,294
277,295
277,301
277,311
277,315
277,322
277,324
277,328
277,339
277,340
277,347
277,351
277,357
277,365
277,373
277,374
277,377
277,379
277,382
277,383
277,384
277,396
277,407
277,408
277,411
277,413
277,416
277,417
277,428
278,184
278,201
278,206
278,214
278,216
278,217
278,219
278,220
278,222
278,223
278,227
278,228
278,229
278,230
278,231
278,233
278,245
278,248
278,255
278,260
278,265
278,268
278,270
278,271
278,273
278,275
278,276
278,285
278,286
278,290
278,298
278,299
278,307
278,309
278,310
278,317
278,325
278,338
278,341
278,343
278,350
278,358
278,369
278,375
278,376
278,381
278,386
278,391
278,392
278,403
278,414
278,433
278,436
279,185
279,189
279,198
279,200
279,202
279,204
279,206
279,208
279,210
279,222
279,225
279,228
279,230
279,232
279,233
279,234
279,235
279,236
279,239
279,246
279,251
279,257
279,259
279,261
279,262
279,264
279,267
279,280
279,288
279,310
279,315
279,316
279,320
279,322
279,323
279,324
279,325
279,327
279,331
279,334
279,338
279,339
279,340
279,341
279,342
279,345
279,351
279,357
279,358
279,366
279,368
279,370
279,372
279,374
279,377
279,379
279,380
279,411
279,416
279,436
280,184
280,187
280,200
280,218
280,221
280,222
280,224
280,227
280,229
280,231
280,235
280,237
280,242
280,243
280,252
280,253
280,256
280,263
280,272
280,275
280,293
280,304
280,309
280,314
280,315
280,316
280,317
280,322
280,323
280,337
280,338
280,339
280,341
280,345
280,346
280,351
280,355
280,356
280,361
280,363
280,366
280,372
280,373
280,377
280,379
280,406
280,409
280,419
280,422
280,430
281,181
281,187
281,194
281,195
281,209
281,212
281,214
281,216
281,217
281,221
281,229
281,247
281,250
281,255
281,258
281,264
281,269
281,273
281,276
281,281
281,284
281,285
281,288
281,291
281,300
281,311
281,313
281,314
281,319
281,326
281,332
281,336
281,343
281,352
281,353
281,354
281,368
281,373
281,384
281,385
281,386
281,390
281,396
281,405
281,409
281,421
281,423
282,199
282,201
282,204
282,219
282,228
282,232
282,239
282,246
282,249
282,258
282,260
282,270
282,273
282,275
282,276
282,278
282,281
282,283
282,284
282,285
282,288
282,290
282,291
282,321
282,324
282,333
282,336
282,350
282,358
282,371
282,373
282,381
282,382
282,391
282,392
282,393
282,400
282,404
282,411
282,413
282,414
282,416
282,423
282,434
283,199
283,200
283,205
283,206
283,213
283,219
283,221
283,226
283,227
283,228
283,243
283,248
283,250
283,256
283,259
283,261
283,264
283,268
283,269
283,270
283,272
283,273
283,274
283,275
283,278
283,283
283,290
283,292
283,293
283,308
283,318
283,325
283,339
283,342
283,350
283,351
283,357
283,369
283,372
283,373
283,374
283,376
283,379
283,380
283,383
283,384
283,385
283,388
283,389
283,395
283,401
283,405
283,412
283,416
283,418
283,420
283,428
284,193
284,204
284,210
284,211
284,213
284,214
284,220
284,222
284,226
284,233
284,236
284,243
284,249
284,253
284,255
284,260
284,265
284,271
284,281
284,284
284,293
284,301
284,309
284,312
284,314
284,317
284,339
284,341
284,344
284,345
284,349
284,350
284,353
284,356
284,362
284,371
284,372
284,373
284,384
284,386
284,392
284,394
284,397
284,401
284,404
284,405
284,407
284,419
284,421
284,427
285,181
285,192
285,195
285,196
285,206
285,213
285,216
285,219
285,229
285,232
285,239
285,257
285,262
285,263
285,269
285,272
285,277
285,279
285,280
285,283
285,284
285,296
285,307
285,319
285,322
285,325
285,333
285,336
285,338
285,349
285,371
285,373
285,382
285,384
285,387
285,390
285,400
285,401
285,406
285,411
285,414
285,420
285,423
285,424
285,434
285,435
286,178
286,184
286,198
286,200
286,205
286,206
286,222
286,233
286,235
286,238
286,242
286,247
286,259
286,266
286,271
286,275
286,278
286,287
286,289
286,292
286,295
286,305
286,315
286,320
286,323
286,331
286,335
286,342
286,343
286,350
286,357
286,361
286,364
286,378
286,395
286,399
286,402
286,403
286,407
286,413
286,418
286,435
287,186
287,189
287,195
287,196
287,197
287,198
287,199
287,209
287,211
287,219
287,231
287,236
287,241
287,249
287,255
287,261
287,266
287,272
287,273
287,274
287,275
287,276
287,282
287,291
287,293
287,299
287,300
287,305
287,320
287,337
287,338
287,342
287,343
287,344
287,346
287,347
287,348
287,349
287,352
287,365
287,373
287,374
287,377
287,384
287,386
287,387
287,393
287,401
287,405
287,407
287,409
287,418
287,431
288,187
288,191
288,192
288,195
288,198
288,200
288,205
288,207
288,243
288,246
288,248
288,254
288,255
288,260
288,261
288,265
288,266
288,269
288,271
288,275
288,289
288,291
288,293
288,298
288,299
288,320
288,325
288,329
288,331
288,335
288,340
288,344
288,346
288,348
288,350
288,354
288,359
288,364
288,372
288,382
288,385
288,387
288,390
288,391
288,400
288,407
288,425
289,177
289,182
289,183
289,197
289,199
289,200
289,206
289,207
289,208
289,214
289,218
289,222
289,230
289,236
289,237
289,244
289,245
289,248
289,254
289,255
289,260
289,265
289,268
289,273
289,275
289,277
289,279
289,282
289,306
289,326
289,337
289,338
289,339
289,340
289,341
289,345
289,349
289,353
289,369
289,375
289,382
289,384
289,400
289,403
289,419
289,421
289,422
289,423
289,424
289,425
289,427
290,192
290,202
290,203
290,205
290,206
290,207
290,208
290,210
290,213
290,225
290,240
290,241
290,243
290,244
290,249
290,251
290,253
290,254
290,255
290,267
290,270
290,272
290,274
290,282
290,294
290,319
290,322
290,324
290,333
290,335
290,338
290,339
290,340
290,341
290,351
290,367
290,378
290,379
290,381
290,385
290,392
290,410
290,413
290,415
290,417
290,418
290,419
290,420
290,422
290,423
290,424
290,425
290,426
290,427
290,428
290,430
290,431
291,181
291,183
291,190
291,195
291,201
291,202
291,203
291,206
291,228
291,232
291,234
291,238
291,249
291,253
291,254
291,256
291,261
291,264
291,269
291,270
291,278
291,280
291,282
291,286
291,299
291,309
291,316
291,317
291,322
291,325
291,329
291,335
291,337
291,339
291,343
291,347
291,360
291,375
291,376
291,381
291,390
291,391
291,404
291,406
291,407
291,410
291,414
291,415
291,416
291,417
291,419
291,420
291,421
291,424
291,425
291,426
291,427
291,428
291,429
291,430
291,431
291,432
291,433
291,434
291,435
291,436
291,437
291,438
291,440
291,441
292,174
292,194
292,195
292,199
292,208
292,210
292,217
292,218
292,222
292,224
292,229
292,231
292,235
292,248
292,252
292,258
292,262
292,268
292,269
292,281
292,295
292,299
292,302
292,303
292,304
292,305
292,318
292,322
292,323
292,337
292,341
292,347
292,350
292,359
292,362
292,374
292,377
292,379
292,391
292,395
292,401
292,403
292,408
292,409
292,410
292,411
292,412
292,413
292,414
292,415
292,416
292,417
292,418
292,421
292,422
292,423
292,424
292,426
292,427
292,429
292,430
292,431
292,432
292,433
292,434
292,435
292,437
292,438
292,439
293,195
293,197
293,202
293,204
293,212
293,214
293,224
293,229
293,235
293,244
293,248
293,250
293,252
293,255
293,262
293,268
293,271
293,293
293,296
293,298
293,300
293,305
293,314
293,316
293,323
293,334
293,337
293,338
293,342
293,346
293,349
293,350
293,354
293,355
293,374
293,375
293,388
293,395
293,402
293,403
293,404
293,405
293,407
293,408
293,409
293,410
293,412
293,413
293,414
293,416
293,418
293,420
293,421
293,422
293,423
293,424
293,427
293,429
293,430
293,431
293,432
293,433
293,434
293,435
293,436
294,174
294,184
294,188
294,195
294,204
294,205
294,207
294,212
294,222
294,224
294,242
294,245
294,275
294,283
294,294
294,295
294,298
294,304
294,305
294,320
294,323
294,326
294,328
294,329
294,334
294,335
294,336
294,346
294,349
294,357
294,363
294,375
294,383
294,387
294,388
294,398
294,399
294,400
294,401
294,403
294,407
294,409
294,410
294,411
294,412
294,415
294,420
294,422
294,425
294,426
294,427
294,429
294,430
294,431
294,433
294,435
294,436
294,437
295,172
295,180
295,192
295,194
295,195
295,196
295,211
295,218
295,228
295,231
295,233
295,240
295,260
295,262
295,263
295,275
295,277
295,285
295,288
295,289
295,307
295,314
295,320
295,333
295,336
295,342
295,346
295,347
295,351
295,364
295,378
295,380
295,383
295,390
295,395
295,396
295,398
295,399
295,400
295,406
295,408
295,411
295,412
295,414
295,419
295,423
295,425
295,426
295,427
295,428
295,430
295,431
295,432
295,433
295,434
295,435
295,436
295,437
295,438
295,440
296,177
296,180
296,182
296,187
296,189
296,190
296,191
296,192
296,205
296,209
296,230
296,233
296,237
296,256
296,263
296,265
296,271
296,272
296,280
296,286
296,288
296,291
296,292
296,293
296,304
296,305
296,306
296,308
296,310
296,321
296,328
296,329
296,344
296,346
296,351
296,355
296,358
296,367
296,372
296,380
296,381
296,383
296,386
296,387
296,389
296,391
296,392
296,393
296,394
296,399
296,402
296,403
296,404
296,406
296,408
296,410
296,411
296,412
296,413
296,414
296,415
296,417
296,419
296,421
296,424
296,425
296,426
296,427
296,428
296,429
296,430
296,432
296,434
296,435
296,436
296,437
296,438
296,439
296,440
296,441
296,442
296,443
297,175
297,183
297,199
297,200
297,201
297,204
297,205
297,217
297,226
297,253
297,254
297,256
297,264
297,265
297,271
297,284
297,291
297,293
297,297
297,299
297,309
297,323
297,334
297,338
297,345
297,348
297,350
297,365
297,366
297,367
297,370
297,374
297,376
297,378
297,380
297,382
297,384
297,387
297,390
297,395
297,398
297,400
297,401
297,402
297,403
297,404
297,405
297,408
297,414
297,415
297,416
297,417
297,419
297,421
297,424
297,425
297,426
297,428
297,429
297,431
297,432
297,433
297,434
297,435
297,436
297,437
297,438
297,439
297,440
297,441
297,442
298,186
298,201
298,203
298,206
298,209
298,215
298,220
298,226
298,229
298,239
298,241
298,252
298,254
298,275
298,286
298,287
298,292
298,296
298,301
298,302
298,308
298,334
298,339
298,340
298,342
298,348
298,350
298,369
298,373
298,378
298,379
298,383
298,384
298,385
298,387
298,388
298,390
298,391
298,392
298,397
298,398
298,402
298,403
298,405
298,406
298,407
298,408
298,412
298,413
298,428
298,429
298,430
298,431
298,433
298,435
298,437
298,438
298,439
298,440
298,441
298,442
298,443
298,444
299,184
299,201
299,204
299,205
299,207
299,208
299,209
299,213
299,215
299,217
299,222
299,224
299,228
299,229
299,232
299,235
299,246
299,248
299,249
299,250
299,254
299,275
299,283
299,298
299,307
299,309
299,315
299,340
299,343
299,346
299,347
299,348
299,351
299,362
299,363
299,366
299,379
299,390
299,391
299,394
299,395
299,399
299,401
299,403
299,404
299,405
299,406
299,408
299,413
299,414
299,416
299,426
299,427
299,428
299,429
299,430
299,431
299,432
299,433
299,434
299,435
299,436
299,437
299,438
299,439
299,440
299,441
299,442
299,443
299,444
299,445
300,183
300,184
300,185
300,189
300,198
300,200
300,210
300,214
300,219
300,221
300,228
300,232
300,237
300,239
300,244
300,245
300,255
300,256
300,259
300,265
300,273
300,285
300,309
300,319
300,343
300,348
300,369
300,370
300,384
300,388
300,392
300,395
300,397
300,399
300,402
300,404
300,406
300,408
300,409
300,412
300,413
300,425
300,427
300,428
300,429
300,430
300,431
300,432
300,433
300,434
300,435
300,436
300,437
300,438
300,439
300,442
300,443
300,444
300,445
300,446
301,184
301,195
301,210
301,214
301,228
301,231
301,235
301,244
301,246
301,250
301,267
301,270
301,283
301,290
301,297
301,298
301,302
301,304
301,305
301,323
301,325
301,332
301,335
301,338
301,344
301,350
301,359
301,362
301,370
301,372
301,384
301,385
301,393
301,396
301,400
301,402
301,403
301,404
301,406
301,407
301,408
301,409
301,412
301,416
301,417
301,418
301,420
301,421
301,423
301,424
301,427
301,428
301,429
301,430
301,431
301,432
301,434
301,435
301,436
301,437
301,440
301,441
301,442
301,443
301,444
301,445
301,446
302,162
302,184
302,196
302,200
302,204
302,207
302,211
302,222
302,224
302,229
302,234
302,236
302,237
302,252
302,255
302,258
302,260
302,276
302,277
302,283
302,288
302,300
302,311
302,315
302,324
302,325
302,332
302,346
302,347
302,350
302,351
302,356
302,372
302,374
302,377
302,381
302,391
302,392
302,394
302,396
302,397
302,398
302,399
302,400
302,403
302,404
302,406
302,409
302,412
302,413
302,414
302,415
302,416
302,417
302,420
302,421
302,422
302,424
302,425
302,427
302,428
302,429
302,430
302,431
302,432
302,433
302,434
302,435
302,436
302,437
302,440
302,441
302,442
302,443
302,444
302,445
302,446
302,447
303,177
303,189
303,195
303,200
303,209
303,212
303,217
303,220
303,223
303,227
303,229
303,235
303,239
303,241
303,247
303,249
303,251
303,259
303,263
303,265
303,269
303,275
303,298
303,299
303,304
303,326
303,331
303,333
303,334
303,338
303,342
303,351
303,360
303,362
303,363
303,365
303,371
303,379
303,380
303,381
303,388
303,391
303,394
303,397
303,399
303,405
303,406
303,410
303,411
303,412
303,414
303,417
303,418
303,427
303,429
303,430
303,432
303,435
303,436
303,440
303,441
303,442
303,444
303,446
303,447
303,448
303,449
304,183
304,193
304,196
304,200
304,206
304,207
304,211
304,213
304,214
304,215
304,219
304,221
304,225
304,227
304,228
304,232
304,241
304,249
304,250
304,258
304,263
304,265
304,274
304,278
304,282
304,288
304,295
304,303
304,305
304,307
304,314
304,325
304,329
304,331
304,340
304,355
304,357
304,364
304,373
304,381
304,387
304,391
304,392
304,395
304,399
304,406
304,409
304,410
304,411
304,412
304,413
304,414
304,415
304,416
304,417
304,419
304,422
304,423
304,424
304,425
304,429
304,431
304,435
304,436
304,437
304,438
304,439
304,440
304,441
304,442
304,443
304,444
304,446
304,447
304,448
305,180
305,183
305,189
305,203
305,204
305,209
305,210
305,215
305,227
305,231
305,233
305,234
305,236
305,241
305,244
305,252
305,259
305,265
305,266
305,270
305,271
305,277
305,279
305,281
305,286
305,289
305,297
305,310
305,311
305,319
305,320
305,322
305,328
305,330
305,339
305,340
305,346
305,347
305,351
305,353
305,357
305,363
305,372
305,376
305,386
305,389
305,392
305,394
305,404
305,407
305,409
305,411
305,414
305,415
305,416
305,417
305,419
305,420
305,421
305,422
305,423
305,424
305,425
305,426
305,427
305,428
305,429
305,430
305,431
305,433
305,435
305,436
305,437
305,440
305,441
305,442
305,443
305,444
305,445
305,447
306,181
306,186
306,195
306,202
306,203
306,214
306,215
306,217
306,220
306,225
306,226
306,230
306,238
306,252
306,255
306,257
306,258
306,266
306,267
306,274
306,277
306,280
306,283
306,305
306,308
306,336
306,343
306,346
306,352
306,353
306,355
306,359
306,366
306,371
306,378
306,384
306,385
306,388
306,390
306,393
306,395
306,396
306,397
306,398
306,401
306,406
306,408
306,410
306,411
306,413
306,416
306,417
306,419
306,420
306,421
306,422
306,423
306,424
306,425
306,427
306,428
306,429
306,430
306,431
306,433
306,435
306,436
306,437
306,438
306,440
306,441
306,442
306,443
306,445
307,184
307,187
307,191
307,205
307,207
307,209
307,222
307,223
307,224
307,225
307,231
307,232
307,233
307,236
307,244
307,248
307,259
307,262
307,264
307,276
307,278
307,283
307,286
307,288
307,334
307,348
307,355
307,358
307,367
307,379
307,399
307,401
307,404
307,405
307,406
307,408
307,413
307,414
307,415
307,416
307,417
307,418
307,419
307,420
307,421
307,422
307,423
307,424
307,426
307,428
307,429
307,430
307,431
307,432
307,433
307,434
307,437
307,438
307,439
307,440
307,441
307,442
307,443
307,444
308,171
308,185
308,196
308,198
308,204
308,211
308,212
308,214
308,216
308,218
308,223
308,228
308,234
308,235
308,236
308,244
308,245
308,247
308,251
308,252
308,261
308,268
308,272
308,273
308,275
308,276
308,279
308,281
308,289
308,290
308,300
308,308
308,310
308,328
308,333
308,336
308,340
308,353
308,354
308,362
308,365
308,373
308,379
308,385
308,389
308,390
308,394
308,395
308,404
308,407
308,408
308,409
308,412
308,414
308,417
308,419
308,420
308,421
308,422
308,423
308,424
308,425
308,426
308,427
308,428
308,430
308,431
308,432
308,433
308,435
308,436
308,437
308,439
308,440
308,442
308,443
309,183
309,194
309,198
309,203
309,204
309,215
309,218
309,224
309,240
309,247
309,251
309,261
309,263
309,271
309,277
309,279
309,307
309,308
309,335
309,339
309,341
309,349
309,354
309,355
309,356
309,367
309,373
309,384
309,385
309,393
309,395
309,405
309,407
309,411
309,412
309,413
309,414
309,415
309,418
309,421
309,422
309,423
309,424
309,425
309,426
309,427
309,428
309,430
309,431
309,432
309,433
309,434
309,435
309,436
309,437
309,438
309,439
309,440
309,441
309,442
309,443
309,444
310,168
310,188
310,199
310,202
310,206
310,218
310,226
310,230
310,243
310,245
310,246
310,255
310,257
310,278
310,279
310,289
310,291
310,305
310,317
310,324
310,327
310,328
310,340
310,350
310,356
310,359
310,360
310,384
310,386
310,387
310,400
310,409
310,412
310,417
310,418
310,419
310,420
310,422
310,423
310,424
310,425
310,426
310,427
310,429
310,430
310,431
310,432
310,433
310,434
310,435
310,436
310,437
310,438
310,439
310,440
310,441
311,167
311,173
311,177
311,181
311,184
311,185
311,187
311,188
311,190
311,191
311,192
311,193
311,198
311,200
311,202
311,204
311,208
311,212
311,216
311,229
311,232
311,260
311,267
311,269
311,293
311,294
311,308
311,310
311,321
311,323
311,326
311,329
311,334
311,338
311,341
311,347
311,351
311,361
311,365
311,368
311,370
311,372
311,383
311,385
311,386
311,401
311,404
311,405
311,410
311,412
311,413
311,414
311,415
311,417
311,418
311,419
311,421
311,422
311,423
311,424
311,425
311,426
311,428
311,430
311,431
311,432
311,433
311,434
311,436
311,437
311,438
312,169
312,170
312,171
312,172
312,174
312,175
312,176
312,177
312,178
312,180
312,181
312,192
312,197
312,216
312,217
312,220
312,225
312,232
312,235
312,239
312,240
312,246
312,254
312,261
312,262
312,265
312,268
312,269
312,274
312,285
312,296
312,314
312,317
312,320
312,341
312,347
312,352
312,353
312,355
312,366
312,373
312,374
312,403
312,406
312,412
312,413
312,417
312,418
312,419
312,420
312,421
312,422
312,423
312,424
312,426
312,427
312,428
312,429
312,430
312,432
312,433
312,434
312,435
312,436
312,437
313,167
313,168
313,169
313,170
313,171
313,172
313,173
313,174
313,175
313,176
313,181
313,205
313,208
313,211
313,212
313,216
313,221
313,224
313,245
313,252
313,258
313,269
313,271
313,276
313,279
313,286
313,296
313,298
313,305
313,312
313,317
313,318
313,319
313,327
313,333
313,352
313,360
313,363
313,366
313,369
313,374
313,381
313,382
313,383
313,394
313,399
313,404
313,413
313,415
313,416
313,420
313,422
313,426
313,428
313,429
313,430
313,431
313,432
313,433
313,434
313,435
313,436
313,437
314,167
314,168
314,170
314,172
314,175
314,177
314,193
314,196
314,198
314,203
314,231
314,232
314,236
314,239
314,241
314,242
314,243
314,247
314,254
314,258
314,260
314,268
314,270
314,280
314,282
314,283
314,290
314,294
314,299
314,300
314,301
314,310
314,314
314,316
314,318
314,322
314,323
314,330
314,340
314,342
314,345
314,346
314,347
314,352
314,364
314,366
314,368
314,386
314,388
314,389
314,390
314,402
314,403
314,413
314,415
314,416
314,420
314,421
314,422
314,424
314,427
314,428
314,429
314,430
314,432
314,433
314,435
314,436
314,437
314,438
314,439
315,167
315,168
315,169
315,170
315,171
315,172
315,173
315,174
315,175
315,176
315,189
315,191
315,200
315,201
315,204
315,214
315,219
315,225
315,229
315,235
315,244
315,252
315,254
315,260
315,262
315,267
315,288
315,303
315,314
315,315
315,316
315,317
315,322
315,328
315,329
315,333
315,336
315,343
315,351
315,356
315,357
315,376
315,384
315,388
315,389
315,390
315,402
315,410
315,411
315,412
315,413
315,416
315,417
315,420
315,421
315,422
315,428
315,429
315,430
315,432
315,433
315,434
315,436
315,437
315,438
315,439
316,169
316,178
316,179
316,182
316,188
316,199
316,210
316,213
316,215
316,217
316,222
316,241
316,248
316,255
316,256
316,263
316,303
316,309
316,319
316,321
316,322
316,331
316,333
316,334
316,335
316,339
316,366
316,367
316,370
316,376
316,380
316,388
316,389
316,396
316,398
316,399
316,414
316,415
316,419
316,420
316,421
316,422
316,430
316,432
316,433
316,434
316,435
316,436
316,437
316,438
316,439
317,194
317,195
317,206
317,207
317,211
317,215
317,219
317,223
317,237
317,239
317,241
317,252
317,253
317,260
317,263
317,273
317,285
317,288
317,305
317,308
317,317
317,320
317,329
317,333
317,337
317,344
317,346
317,354
317,359
317,366
317,368
317,370
317,372
317,374
317,382
317,384
317,388
317,390
317,391
317,396
317,397
317,401
317,404
317,409
317,420
317,421
317,422
317,423
317,433
317,434
317,435
317,436
317,437
318,180
318,215
318,216
318,219
318,234
318,237
318,242
318,249
318,254
318,260
318,266
318,282
318,291
318,294
318,305
318,306
318,308
318,311
318,313
318,318
318,328
318,330
318,332
318,333
318,334
318,337
318,350
318,356
318,357
318,363
318,365
318,372
318,378
318,382
318,391
318,393
318,394
318,396
318,397
318,404
318,406
318,410
318,412
318,421
318,422
318,423
318,425
318,433
318,434
318,435
318,436
319,175
319,202
319,208
319,221
319,223
319,224
319,226
319,227
319,228
319,235
319,240
319,242
319,248
319,253
319,258
319,263
319,265
319,267
319,268
319,271
319,277
319,278
319,280
319,285
319,308
319,311
319,323
319,327
319,329
319,331
319,337
319,341
319,346
319,351
319,352
319,356
319,360
319,363
319,367
319,370
319,373
319,377
319,381
319,383
319,390
319,394
319,401
319,410
319,423
319,424
320,184
320,207
320,213
320,221
320,228
320,230
320,231
320,232
320,234
320,245
320,246
320,251
320,270
320,280
320,286
320,297
320,301
320,302
320,306
320,308
320,309
320,312
320,313
320,323
320,330
320,332
320,333
320,341
320,344
320,349
320,350
320,351
320,355
320,358
320,362
320,363
320,365
320,366
320,368
320,373
320,379
320,386
320,387
320,389
320,390
320,393
320,397
320,398
320,402
320,412
320,413
321,176
321,185
321,190
321,191
321,208
321,214
321,222
321,224
321,225
321,226
321,231
321,241
321,252
321,255
321,257
321,261
321,265
321,275
321,282
321,285
321,291
321,302
321,312
321,314
321,320
321,324
321,329
321,335
321,339
321,342
321,347
321,352
321,354
321,355
321,357
321,361
321,364
321,365
321,366
321,371
321,373
321,379
321,382
321,384
321,385
321,389
321,396
321,397
321,402
321,406
321,409
321,417
321,430
321,431
322,168
322,184
322,186
322,188
322,191
322,198
322,207
322,208
322,209
322,213
322,219
322,221
322,222
322,224
322,231
322,244
322,248
322,251
322,257
322,270
322,271
322,278
322,286
322,287
322,289
322,307
322,323
322,331
322,333
322,344
322,345
322,351
322,352
322,356
322,358
322,360
322,361
322,362
322,368
322,371
322,373
322,375
322,388
322,394
322,398
322,401
322,410
322,414
322,418
322,420
322,422
322,424
322,425
322,426
322,427
322,428
322,429
322,430
322,431
322,432
322,433
323,165
323,166
323,167
323,168
323,169
323,190
323,224
323,227
323,230
323,232
323,235
323,237
323,239
323,241
323,242
323,245
323,246
323,249
323,253
323,256
323,272
323,273
323,291
323,296
323,305
323,309
323,312
323,314
323,315
323,318
323,323
323,331
323,335
323,340
323,342
323,343
323,344
323,349
323,351
323,355
323,357
323,358
323,359
323,367
323,381
323,382
323,397
323,406
323,423
323,424
323,426
323,427
323,428
323,429
323,430
323,431
323,432
323,433
323,434
323,435
324,170
324,172
324,184
324,186
324,187
324,190
324,191
324,192
324,193
324,198
324,213
324,214
324,220
324,221
324,223
324,225
324,227
324,229
324,231
324,232
324,233
324,236
324,241
324,243
324,246
324,262
324,263
324,266
324,269
324,278
324,282
324,284
324,286
324,293
324,297
324,298
324,305
324,308
324,314
324,324
324,330
324,332
324,342
324,346
324,347
324,350
324,351
324,354
324,367
324,373
324,374
324,378
324,379
324,380
324,384
324,385
324,386
324,393
324,402
324,408
324,417
324,423
324,424
324,425
324,426
324,427
324,428
324,430
324,431
324,432
324,433
324,434
324,436
324,437
324,438
325,169
325,170
325,171
325,172
325,181
325,189
325,198
325,199
325,211
325,214
325,217
325,226
325,230
325,235
325,238
325,239
325,243
325,254
325,259
325,272
325,275
325,283
325,287
325,292
325,295
325,301
325,302
325,304
325,307
325,313
325,315
325,316
325,318
325,322
325,323
325,340
325,347
325,348
325,351
325,353
325,354
325,356
325,368
325,380
325,383
325,394
325,397
325,399
325,402
325,405
325,417
325,422
325,427
325,428
325,429
325,430
325,432
325,433
325,434
326,166
326,167
326,168
326,171
326,178
326,187
326,189
326,190
326,191
326,205
326,207
326,208
326,210
326,211
326,212
326,214
326,216
326,217
326,219
326,220
326,223
326,225
326,226
326,227
326,231
326,238
326,247
326,248
326,249
326,257
326,264
326,265
326,268
326,272
326,275
326,279
326,286
326,287
326,288
326,291
326,297
326,298
326,309
326,310
326,311
326,323
326,331
326,333
326,336
326,343
326,345
326,352
326,353
326,354
326,358
326,359
326,360
326,361
326,363
326,366
326,368
326,369
326,370
326,375
326,377
326,383
326,390
326,393
326,395
326,399
326,403
326,409
326,417
326,424
326,431
327,167
327,169
327,170
327,171
327,172
327,188
327,189
327,190
327,191
327,197
327,205
327,207
327,208
327,209
327,211
327,212
327,213
327,214
327,215
327,216
327,217
327,218
327,219
327,221
327,223
327,224
327,227
327,228
327,229
327,236
327,239
327,240
327,241
327,246
327,249
327,252
327,255
327,256
327,258
327,259
327,262
327,267
327,269
327,275
327,281
327,285
327,287
327,290
327,291
327,310
327,312
327,316
327,317
327,320
327,321
327,322
327,325
327,327
327,331
327,335
327,340
327,342
327,346
327,348
327,351
327,354
327,355
327,357
327,361
327,362
327,363
327,372
327,376
327,382
327,389
327,394
327,399
327,400
327,403
327,406
327,407
327,410
327,428
327,431
328,169
328,170
328,172
328,173
328,179
328,180
328,183
328,184
328,185
328,186
328,188
328,189
328,190
328,194
328,198
328,200
328,203
328,204
328,206
328,208
328,209
328,212
328,214
328,215
328,216
328,233
328,234
328,242
328,251
328,253
328,254
328,255
328,272
328,280
328,284
328,288
328,296
328,297
328,303
328,305
328,306
328,310
328,323
328,325
328,332
328,333
328,341
328,342
328,350
328,351
328,352
328,355
328,356
328,365
328,366
328,367
328,373
328,378
328,379
328,382
328,384
328,385
328,392
328,395
328,399
328,405
328,431
328,433
329,169
329,170
329,171
329,172
329,173
329,180
329,181
329,182
329,183
329,184
329,185
329,186
329,187
329,189
329,194
329,198
329,199
329,200
329,202
329,204
329,205
329,206
329,207
329,209
329,211
329,213
329,218
329,219
329,221
329,222
329,224
329,232
329,234
329,244
329,248
329,256
329,261
329,266
329,269
329,274
329,278
329,285
329,288
329,291
329,294
329,297
329,305
329,316
329,317
329,319
329,335
329,339
329,340
329,341
329,343
329,344
329,350
329,358
329,359
329,362
329,363
329,366
329,367
329,369
329,375
329,381
329,383
329,404
329,406
329,407
329,411
329,414
329,416
329,420
329,423
330,169
330,170
330,171
330,178
330,179
330,180
330,181
330,182
330,183
330,184
330,185
330,186
330,187
330,188
330,197
330,199
330,203
330,204
330,205
330,209
330,211
330,214
330,215
330,216
330,217
330,219
330,221
330,230
330,233
330,238
330,239
330,247
330,256
330,258
330,272
330,273
330,277
330,278
330,279
330,282
330,289
330,291
330,296
330,307
330,311
330,313
330,315
330,320
330,335
330,341
330,350
330,355
330,356
330,357
330,363
330,365
330,367
330,369
330,373
330,380
330,383
330,387
330,388
330,405
330,409
330,412
330,416
330,424
330,429
330,435
331,178
331,179
331,181
331,182
331,183
331,184
331,185
331,186
331,187
331,188
331,197
331,198
331,200
331,202
331,203
331,205
331,206
331,207
331,208
331,209
331,211
331,212
331,213
331,218
331,219
331,221
331,228
331,231
331,234
331,236
331,240
331,241
331,242
331,247
331,249
331,256
331,263
331,265
331,271
331,275
331,281
331,287
331,301
331,306
331,309
331,313
331,319
331,332
331,340
331,348
331,351
331,354
331,358
331,359
331,360
331,364
331,366
331,367
331,372
331,375
331,384
331,387
331,390
331,397
331,400
331,410
331,422
331,432
332,183
332,184
332,185
332,186
332,194
332,196
332,198
332,199
332,200
332,202
332,203
332,204
332,206
332,207
332,208
332,209
332,210
332,213
332,216
332,217
332,218
332,233
332,234
332,236
332,237
332,244
332,245
332,248
332,252
332,254
332,265
332,268
332,276
332,280
332,281
332,286
332,289
332,302
332,306
332,316
332,318
332,326
332,353
332,357
332,359
332,360
332,362
332,364
332,367
332,368
332,370
332,374
332,375
332,379
332,382
332,387
332,394
332,400
332,408
332,410
333,193
333,194
333,195
333,196
333,197
333,198
333,200
333,203
333,205
333,206
333,210
333,213
333,214
333,215
333,217
333,218
333,220
333,226
333,230
333,231
333,242
333,244
333,252
333,253
333,258
333,259
333,261
333,273
333,277
333,278
333,288
333,291
333,296
333,298
333,310
333,319
333,322
333,352
333,358
333,359
333,360
333,365
333,368
333,370
333,374
333,382
333,384
333,389
333,390
333,397
333,404
333,405
333,406
333,421
333,427
334,192
334,194
334,195
334,196
334,197
334,198
334,202
334,204
334,205
334,206
334,207
334,208
334,211
334,212
334,214
334,218
334,219
334,221
334,222
334,223
334,236
334,237
334,239
334,241
334,243
334,245
334,253
334,262
334,263
334,264
334,265
334,267
334,268
334,275
334,278
334,281
334,288
334,291
334,292
334,306
334,323
334,339
334,356
334,358
334,359
334,360
334,362
334,364
334,367
334,368
334,371
334,376
334,383
334,393
334,399
334,400
334,401
334,402
334,403
334,404
334,407
334,412
334,414
334,416
335,190
335,191
335,192
335,193
335,194
335,195
335,202
335,204
335,206
335,207
335,208
335,209
335,210
335,211
335,212
335,213
335,214
335,216
335,217
335,219
335,225
335,226
335,227
335,239
335,243
335,247
335,248
335,253
335,258
335,268
335,270
335,272
335,273
335,275
335,276
335,277
335,283
335,286
335,287
335,296
335,297
335,304
335,311
335,312
335,321
335,328
335,330
335,332
335,333
335,336
335,347
335,351
335,353
335,357
335,358
335,364
335,365
335,368
335,369
335,379
335,387
335,388
335,390
335,396
335,400
336,190
336,191
336,192
336,193
336,202
336,203
336,204
336,205
336,206
336,209
336,224
336,235
336,239
336,251
336,252
336,253
336,263
336,265
336,271
336,274
336,275
336,278
336,284
336,285
336,293
336,297
336,299
336,312
336,316
336,320
336,323
336,325
336,326
336,331
336,353
336,356
336,358
336,368
336,373
336,374
336,375
336,397
336,398
336,408
337,197
337,200
337,201
337,202
337,203
337,204
337,205
337,214
337,221
337,222
337,225
337,227
337,232
337,235
337,239
337,242
337,260
337,262
337,264
337,267
337,269
337,272
337,275
337,278
337,279
337,283
337,284
337,289
337,290
337,292
337,293
337,294
337,295
337,296
337,298
337,303
337,313
337,315
337,317
337,318
337,322
337,327
337,332
337,334
337,335
337,337
337,339
337,342
337,349
337,357
337,362
337,365
337,377
337,381
337,383
337,411
337,414
337,415
337,422
338,200
338,202
338,203
338,204
338,214
338,226
338,230
338,240
338,250
338,251
338,252
338,253
338,270
338,271
338,272
338,273
338,276
338,278
338,279
338,280
338,282
338,283
338,286
338,287
338,289
338,290
338,295
338,306
338,310
338,312
338,313
338,314
338,315
338,319
338,323
338,325
338,328
338,329
338,330
338,335
338,337
338,339
338,340
338,345
338,353
338,354
338,355
338,362
338,365
338,372
338,381
338,383
338,386
338,397
338,409
338,414
338,422
338,423
339,199
339,203
339,204
339,206
339,207
339,208
339,209
339,214
339,220
339,222
339,223
339,224
339,248
339,250
339,254
339,259
339,261
339,263
339,265
339,266
339,268
339,272
339,274
339,275
339,279
339,285
339,292
339,316
339,317
339,324
339,325
339,327
339,330
339,334
339,335
339,337
339,338
339,346
339,358
339,359
339,366
339,367
339,374
339,394
339,403
340,195
340,198
340,199
340,200
340,202
340,203
340,204
340,205
340,209
340,210
340,212
340,213
340,214
340,221
340,222
340,233
340,234
340,238
340,243
340,250
340,254
340,257
340,261
340,266
340,267
340,285
340,289
340,298
340,299
340,308
340,309
340,313
340,318
340,322
340,324
340,327
340,328
340,335
340,337
340,338
340,343
340,354
340,359
340,361
340,363
340,368
340,371
340,375
340,377
340,378
340,382
340,384
340,391
340,393
340,413
341,197
341,198
341,199
341,200
341,201
341,202
341,204
341,205
341,206
341,207
341,210
341,211
341,212
341,213
341,215
341,217
341,219
341,222
341,229
341,239
341,240
341,244
341,246
341,258
341,262
341,265
341,266
341,268
341,273
341,282
341,283
341,284
341,287
341,291
341,297
341,299
341,306
341,307
341,312
341,313
341,336
341,337
341,338
341,342
341,345
341,348
341,354
341,358
341,362
341,366
341,370
341,373
341,375
341,377
341,379
341,397
341,400
341,404
342,197
342,198
342,200
342,201
342,202
342,203
342,204
342,205
342,206
342,207
342,208
342,209
342,210
342,211
342,212
342,213
342,215
342,216
342,217
342,218
342,219
342,225
342,229
342,230
342,231
342,238
342,239
342,243
342,249
342,250
342,252
342,256
342,260
342,261
342,264
342,265
342,269
342,275
342,281
342,283
342,285
342,286
342,294
342,295
342,306
342,308
342,314
342,315
342,325
342,326
342,327
342,335
342,338
342,352
342,359
342,360
342,361
342,362
342,372
342,375
342,376
342,377
342,378
342,394
342,400
342,401
342,402
342,403
342,405
342,406
342,408
342,409
343,198
343,199
343,201
343,202
343,203
343,204
343,208
343,210
343,211
343,213
343,214
343,216
343,217
343,218
343,219
343,223
343,227
343,230
343,232
343,235
343,236
343,237
343,238
343,239
343,247
343,252
343,259
343,261
343,263
343,279
343,280
343,281
343,283
343,284
343,291
343,294
343,299
343,304
343,311
343,315
343,317
343,319
343,330
343,332
343,335
343,337
343,338
343,340
343,346
343,351
343,357
343,358
343,369
343,373
343,374
343,375
343,376
343,377
343,378
343,380
343,383
343,394
343,401
343,405
343,406
343,407
343,409
343,410
343,411
343,412
344,198
344,199
344,200
344,201
344,202
344,204
344,206
344,208
344,209
344,210
344,211
344,212
344,213
344,214
344,225
344,228
344,231
344,234
344,235
344,236
344,238
344,241
344,247
344,253
344,254
344,259
344,262
344,278
344,279
344,281
344,284
344,285
344,289
344,293
344,296
344,300
344,304
344,308
344,319
344,336
344,338
344,339
344,346
344,347
344,354
344,356
344,360
344,361
344,362
344,363
344,366
344,376
344,378
344,382
344,396
344,397
344,403
344,404
344,405
344,407
344,408
344,409
344,410
344,411
344,412
345,197
345,198
345,199
345,200
345,201
345,202
345,203
345,204
345,205
345,208
345,209
345,210
345,211
345,213
345,214
345,215
345,217
345,226
345,231
345,233
345,234
345,235
345,237
345,239
345,252
345,258
345,259
345,260
345,262
345,265
345,277
345,278
345,280
345,283
345,296
345,300
345,303
345,310
345,322
345,327
345,339
345,342
345,350
345,351
345,356
345,358
345,359
345,367
345,373
345,374
345,377
345,378
345,380
345,382
345,395
345,405
345,412
345,413
346,198
346,199
346,200
346,201
346,202
346,203
346,204
346,205
346,206
346,207
346,208
346,210
346,211
346,212
346,214
346,215
346,216
346,217
346,218
346,223
346,226
346,227
346,233
346,234
346,238
346,264
346,276
346,279
346,297
346,303
346,314
346,315
346,319
346,321
346,328
346,333
346,341
346,345
346,361
346,362
346,368
346,377
346,379
346,380
346,385
347,198
347,200
347,201
347,202
347,203
347,204
347,205
347,206
347,207
347,208
347,209
347,210
347,211
347,214
347,215
347,216
347,217
347,218
347,221
347,230
347,231
347,232
347,236
347,237
347,238
347,254
347,256
347,260
347,261
347,277
347,281
347,283
347,284
347,288
347,290
347,301
347,307
347,308
347,315
347,317
347,318
347,321
347,327
347,329
347,333
347,335
347,336
347,343
347,348
347,350
347,353
347,355
347,356
347,359
347,362
347,363
347,369
347,370
347,376
347,378
347,379
347,381
347,382
347,383
347,385
347,386
347,387
347,395
347,397
347,401
348,199
348,200
348,201
348,202
348,203
348,204
348,205
348,206
348,207
348,208
348,209
348,210
348,211
348,213
348,214
348,215
348,216
348,221
348,225
348,226
348,227
348,228
348,229
348,231
348,233
348,236
348,237
348,240
348,241
348,244
348,245
348,247
348,250
348,252
348,264
348,265
348,269
348,272
348,279
348,280
348,281
348,284
348,286
348,289
348,298
348,318
348,323
348,327
348,330
348,333
348,335
348,338
348,345
348,352
348,354
348,356
348,360
348,362
348,363
348,364
348,366
348,372
348,375
348,376
348,377
348,379
348,380
348,382
348,385
348,386
348,387
348,388
348,389
348,398
349,201
349,202
349,203
349,204
349,205
349,206
349,208
349,210
349,211
349,213
349,215
349,216
349,218
349,220
349,221
349,222
349,223
349,224
349,227
349,230
349,231
349,234
349,235
349,238
349,239
349,241
349,243
349,249
349,258
349,274
349,279
349,282
349,285
349,286
349,287
349,301
349,306
349,308
349,317
349,325
349,331
349,333
349,334
349,340
349,343
349,344
349,345
349,346
349,360
349,364
349,366
349,368
349,370
349,386
349,387
349,388
349,389
349,394
350,204
350,205
350,206
350,210
350,211
350,213
350,214
350,215
350,216
350,219
350,220
350,221
350,222
350,223
350,224
350,225
350,226
350,227
350,228
350,229
350,231
350,235
350,236
350,237
350,238
350,239
350,241
350,242
350,245
350,246
350,250
350,251
350,279
350,282
350,295
350,308
350,310
350,317
350,318
350,322
350,327
350,332
350,335
350,338
350,341
350,346
350,348
350,356
350,357
350,362
350,374
350,377
350,388
350,389
350,390
350,403
351,206
351,210
351,211
351,212
351,215
351,216
351,217
351,218
351,219
351,220
351,221
351,222
351,224
351,225
351,226
351,228
351,229
351,231
351,232
351,233
351,235
351,236
351,237
351,238
351,240
351,242
351,243
351,244
351,245
351,276
351,281
351,282
351,288
351,292
351,294
351,299
351,307
351,308
351,309
351,310
351,317
351,318
351,319
351,320
351,321
351,336
351,337
351,343
351,344
351,345
351,348
351,350
351,351
351,368
351,372
351,382
351,383
351,403
352,207
352,208
352,209
352,210
352,211
352,212
352,213
352,214
352,215
352,217
352,218
352,219
352,220
352,221
352,222
352,223
352,224
352,225
352,227
352,230
352,231
352,232
352,234
352,236
352,237
352,238
352,239
352,240
352,244
352,245
352,249
352,250
352,251
352,253
352,273
352,282
352,309
352,313
352,323
352,324
352,327
352,328
352,336
352,338
352,345
352,347
352,348
352,350
352,351
352,357
352,359
352,372
352,375
353,207
353,208
353,209
353,210
353,211
353,212
353,213
353,214
353,215
353,217
353,218
353,220
353,221
353,222
353,223
353,224
353,225
353,226
353,227
353,228
353,229
353,230
353,233
353,234
353,235
353,236
353,237
353,238
353,239
353,240
353,241
353,242
353,244
353,246
353,247
353,248
353,269
353,274
353,278
353,279
353,284
353,288
353,289
353,290
353,295
353,299
353,302
353,303
353,312
353,317
353,319
353,320
353,321
353,324
353,331
353,337
353,338
353,344
353,346
353,347
353,348
353,351
353,354
353,359
353,363
353,365
353,381
353,404
354,209
354,210
354,211
354,212
354,213
354,214
354,215
354,217
354,218
354,219
354,220
354,221
354,222
354,223
354,224
354,225
354,226
354,227
354,228
354,229
354,232
354,233
354,234
354,235
354,238
354,239
354,241
354,242
354,247
354,254
354,273
354,283
354,303
354,308
354,325
354,334
354,336
354,342
354,347
354,348
354,352
354,367
354,368
354,373
354,374
354,404
354,405
354,406
355,211
355,212
355,213
355,214
355,215
355,218
355,219
355,220
355,221
355,222
355,223
355,224
355,225
355,226
355,227
355,228
355,229
355,230
355,231
355,233
355,237
355,238
355,239
355,241
355,242
355,243
355,244
355,246
355,255
355,271
355,278
355,287
355,293
355,306
355,322
355,325
355,338
355,339
355,343
355,344
355,345
355,346
355,347
355,349
355,350
355,351
355,352
355,357
355,358
355,359
355,360
355,364
355,372
355,373
355,381
356,212
356,213
356,215
356,218
356,219
356,220
356,221
356,222
356,224
356,225
356,226
356,227
356,228
356,231
356,232
356,233
356,234
356,235
356,236
356,237
356,238
356,239
356,240
356,241
356,242
356,243
356,251
356,272
356,284
356,285
356,287
356,289
356,293
356,295
356,299
356,307
356,318
356,320
356,327
356,337
356,340
356,344
356,345
356,346
356,348
356,349
356,350
356,352
356,353
356,354
356,355
356,356
356,357
356,358
356,359
356,361
356,365
356,372
356,374
356,387
357,218
357,219
357,220
357,221
357,222
357,223
357,224
357,226
357,227
357,228
357,229
357,230
357,231
357,232
357,233
357,235
357,236
357,237
357,239
357,240
357,241
357,242
357,243
357,244
357,248
357,281
357,282
357,283
357,285
357,286
357,288
357,301
357,304
357,305
357,307
357,323
357,328
357,345
357,346
357,347
357,349
357,350
357,351
357,352
357,353
357,354
357,355
357,357
357,359
357,365
357,367
357,368
357,369
357,378
358,222
358,223
358,224
358,225
358,226
358,227
358,228
358,229
358,230
358,231
358,232
358,233
358,234
358,235
358,236
358,239
358,243
358,244
358,250
358,253
358,276
358,283
358,284
358,286
358,287
358,295
358,297
358,304
358,305
358,311
358,319
358,321
358,323
358,324
358,327
358,336
358,339
358,346
358,350
358,351
358,353
358,354
358,355
358,357
358,358
358,375
358,377
359,222
359,223
359,224
359,225
359,226
359,227
359,228
359,230
359,231
359,232
359,233
359,234
359,235
359,237
359,239
359,240
359,241
359,243
359,244
359,260
359,279
359,280
359,281
359,282
359,288
359,296
359,299
359,301
359,304
359,310
359,314
359,315
359,316
359,317
359,320
359,326
359,330
359,335
359,339
359,341
359,349
359,352
359,353
359,354
359,355
359,358
359,364
359,387
359,388
360,225
360,226
360,227
360,228
360,230
360,231
360,232
360,233
360,234
360,235
360,236
360,237
360,238
360,239
360,240
360,241
360,242
360,243
360,276
360,279
360,282
360,288
360,293
360,297
360,305
360,306
360,311
360,324
360,326
360,334
360,335
360,338
360,339
360,340
360,341
360,344
360,345
360,346
360,348
360,352
360,354
360,356
360,358
360,365
360,375
360,387
360,388
360,389
361,224
361,225
361,226
361,227
361,228
361,230
361,231
361,232
361,233
361,234
361,235
361,236
361,237
361,238
361,239
361,241
361,242
361,243
361,269
361,276
361,282
361,290
361,291
361,292
361,293
361,297
361,307
361,308
361,315
361,323
361,325
361,328
361,331
361,332
361,333
361,334
361,335
361,336
361,338
361,339
361,344
361,345
361,346
361,347
361,349
361,352
361,353
361,354
361,357
361,358
361,360
361,381
361,387
362,225
362,226
362,227
362,228
362,230
362,231
362,232
362,233
362,234
362,236
362,238
362,239
362,240
362,241
362,242
362,243
362,244
362,274
362,289
362,297
362,302
362,304
362,305
362,307
362,315
362,316
362,334
362,335
362,337
362,340
362,343
362,348
362,349
362,350
362,354
362,355
362,356
362,358
362,359
362,366
362,370
363,230
363,231
363,232
363,233
363,235
363,236
363,237
363,239
363,241
363,242
363,250
363,259
363,276
363,277
363,278
363,280
363,287
363,288
363,298
363,302
363,303
363,304
363,305
363,335
363,336
363,341
363,342
363,343
363,346
363,347
363,348
363,351
363,353
363,354
363,355
363,356
363,357
363,359
363,360
363,363
363,374
363,378
364,230
364,231
364,232
364,233
364,234
364,235
364,236
364,237
364,238
364,280
364,283
364,288
364,290
364,291
364,293
364,300
364,303
364,310
364,311
364,313
364,315
364,316
364,335
364,336
364,338
364,340
364,341
364,343
364,345
364,347
364,348
364,350
364,351
364,353
364,354
364,355
364,356
364,359
364,360
364,361
364,366
365,232
365,233
365,234
365,235
365,277
365,278
365,287
365,291
365,293
365,306
365,316
365,319
365,325
365,327
365,333
365,335
365,338
365,340
365,341
365,343
365,344
365,347
365,348
365,351
365,352
365,355
365,356
365,358
365,359
365,360
365,362
366,246
366,259
366,273
366,277
366,281
366,282
366,283
366,285
366,296
366,301
366,304
366,306
366,310
366,311
366,312
366,320
366,324
366,336
366,337
366,338
366,339
366,340
366,341
366,342
366,344
366,345
366,346
366,347
366,348
366,351
366,352
366,355
366,356
366,358
366,359
366,360
366,361
366,362
366,363
366,371
367,257
367,281
367,286
367,295
367,306
367,312
367,323
367,324
367,327
367,330
367,333
367,339
367,340
367,341
367,342
367,343
367,347
367,348
367,350
367,351
367,355
367,356
367,357
367,358
367,359
367,360
367,361
367,362
367,364
367,371
367,372
367,373
367,374
367,375
368,259
368,284
368,302
368,306
368,308
368,311
368,313
368,322
368,331
368,336
368,338
368,339
368,340
368,341
368,342
368,343
368,345
368,348
368,349
368,350
368,352
368,353
368,355
368,356
368,357
368,358
368,359
368,361
368,362
368,365
368,371
368,372
368,373
368,374
368,375
369,274
369,284
369,300
369,301
369,304
369,306
369,310
369,311
369,316
369,321
369,322
369,323
369,325
369,329
369,337
369,343
369,345
369,346
369,347
369,348
369,349
369,350
369,357
369,358
369,361
369,363
369,365
369,366
369,373
369,374
370,257
370,292
370,294
370,296
370,299
370,300
370,303
370,304
370,306
370,313
370,326
370,327
370,329
370,340
370,343
370,350
370,353
370,362
370,363
370,364
370,365
370,366
370,367
370,368
371,280
371,294
371,297
371,315
371,319
371,325
371,328
371,329
371,331
371,332
371,348
371,365
371,367
371,369
371,370
372,257
372,289
372,296
372,305
372,314
372,317
372,324
372,326
372,329
372,332
372,333
372,336
372,349
372,352
372,353
372,355
372,366
372,367
373,273
373,276
373,280
373,288
373,291
373,294
373,303
373,304
373,311
373,312
373,315
373,327
373,329
373,330
373,332
373,333
373,334
373,336
373,337
373,338
373,353
373,358
373,359
373,366
373,367
374,274
374,278
374,287
374,301
374,304
374,307
374,318
374,326
374,327
374,328
374,329
374,330
374,333
374,335
374,336
374,337
374,338
374,340
374,341
374,343
374,345
374,346
374,348
375,273
375,274
375,280
375,300
375,309
375,311
375,316
375,318
375,320
375,327
375,328
375,329
375,330
375,335
375,336
375,337
375,339
375,340
375,341
375,342
375,343
375,344
375,345
375,346
375,347
375,348
375,349
376,293
376,295
376,298
376,300
376,304
376,306
376,310
376,319
376,323
376,326
376,327
376,328
376,330
376,331
376,334
376,336
376,337
376,339
376,340
376,342
376,343
376,344
376,345
376,346
376,347
376,348
376,349
376,350
377,274
377,276
377,278
377,290
377,295
377,299
377,305
377,318
377,319
377,321
377,323
377,324
377,325
377,326
377,327
377,329
377,330
377,331
377,336
377,337
377,339
377,340
377,343
377,344
377,345
377,346
377,347
377,348
377,349
377,350
377,351
377,352
378,277
378,278
378,292
378,298
378,305
378,313
378,314
378,319
378,321
378,322
378,324
378,325
378,326
378,328
378,329
378,330
378,331
378,338
378,340
378,342
378,343
378,344
378,346
378,347
378,348
378,349
378,350
378,351
378,352
379,290
379,295
379,296
379,301
379,304
379,309
379,319
379,321
379,323
379,326
379,327
379,328
379,329
379,330
379,332
379,338
379,341
379,342
379,343
379,344
379,345
379,346
379,347
379,350
379,351
379,352
379,353
380,272
380,276
380,312
380,316
380,320
380,321
380,322
380,323
380,325
380,326
380,327
380,328
380,331
380,332
380,333
380,334
380,335
380,336
380,338
380,340
380,341
380,342
380,343
380,344
380,345
380,346
380,347
380,348
380,350
380,351
381,284
381,299
381,318
381,319
381,320
381,321
381,323
381,324
381,325
381,326
381,329
381,330
381,331
381,332
381,333
381,335
381,336
381,337
381,338
381,339
381,340
381,341
381,342
381,343
381,344
381,345
381,346
381,347
382,299
382,302
382,313
382,318
382,319
382,320
382,321
382,322
382,323
382,324
382,325
382,326
382,329
382,330
382,331
382,332
382,333
382,334
382,335
382,336
382,337
382,338
382,339
382,340
382,341
382,342
382,343
382,345
382,346
382,347
383,295
383,296
383,298
383,299
383,301
383,318
383,319
383,320
383,321
383,322
383,323
383,324
383,325
383,329
383,330
383,331
383,332
383,333
383,334
383,335
383,336
383,337
383,338
383,339
383,340
384,298
384,305
384,318
384,319
384,321
384,322
384,323
384,325
384,328
384,329
384,330
384,331
384,332
384,333
384,334
384,335
384,336
384,338
385,305
385,322
385,323
385,324
385,325
385,329
385,330
385,331
385,333
385,335
386,324
386,325
386,326
387,325
