0,0
165,388
167,328
167,374
168,373
169,382
170,366
171,383
172,332
172,367
173,367
174,335
175,372
177,275
177,278
178,273
178,370
178,371
178,378
179,371
180,277
180,384
181,341
181,367
181,400
182,279
182,280
182,286
183,280
183,283
183,299
184,286
184,287
184,329
184,365
184,415
185,278
185,284
185,355
186,278
186,279
186,282
186,288
186,311
186,341
186,374
187,232
187,372
188,276
188,283
188,284
188,348
189,283
189,285
189,341
190,270
190,278
190,282
190,283
190,287
190,326
190,336
191,226
191,231
191,280
191,285
191,289
191,334
191,335
192,281
192,286
192,289
192,334
192,335
192,344
193,279
193,285
193,335
193,337
194,276
194,286
194,334
195,234
195,270
195,277
195,278
195,279
195,284
195,285
195,342
196,290
196,338
196,340
197,281
197,282
197,286
197,292
197,350
198,279
198,280
198,282
198,285
198,289
198,321
199,282
199,283
199,288
199,443
200,269
200,282
200,338
201,268
201,278
201,282
201,286
201,289
201,493
201,507
201,508
201,510
202,230
202,269
202,272
202,278
202,281
202,286
202,333
202,336
202,338
202,340
202,341
202,491
202,507
202,508
202,509
202,510
202,511
202,512
203,270
203,279
203,281
203,286
203,336
203,343
203,352
203,399
203,496
203,507
203,508
203,509
203,510
203,511
203,512
203,513
204,274
204,277
204,279
204,284
204,290
204,292
204,343
204,344
204,502
204,506
204,507
204,508
204,511
205,270
205,272
205,275
205,277
205,294
205,327
205,339
205,491
205,497
205,507
205,508
205,509
205,510
205,511
205,512
206,230
206,264
206,277
206,282
206,297
206,326
206,351
206,362
206,396
206,495
206,499
206,506
206,507
206,508
206,509
206,510
206,511
206,512
207,224
207,270
207,271
207,275
207,281
207,288
207,336
207,346
207,418
207,489
207,494
207,500
207,505
207,506
207,507
207,508
207,509
207,511
207,512
207,513
208,226
208,236
208,271
208,273
208,277
208,282
208,284
208,289
208,339
208,343
208,393
208,396
208,468
208,488
208,490
208,498
208,499
208,503
208,508
208,509
208,510
208,511
208,512
208,518
208,522
209,222
209,271
209,273
209,274
209,276
209,279
209,284
209,286
209,287
209,288
209,289
209,335
209,486
209,487
209,488
209,490
209,498
209,499
209,501
209,502
209,507
209,508
209,509
209,510
209,511
209,515
209,522
210,223
210,272
210,280
210,281
210,285
210,289
210,323
210,341
210,344
210,345
210,352
210,396
210,491
210,497
210,499
210,501
210,507
210,510
210,518
210,521
210,522
210,530
211,280
211,281
211,282
211,284
211,286
211,287
211,288
211,289
211,334
211,343
211,487
211,496
211,497
211,500
211,508
211,516
211,521
211,522
211,525
211,526
211,527
211,528
211,529
211,530
211,531
211,532
212,203
212,204
212,247
212,272
212,275
212,279
212,283
212,285
212,292
212,298
212,300
212,330
212,362
212,373
212,499
212,520
212,521
212,522
212,524
212,525
212,526
212,527
212,528
212,529
212,530
212,531
212,532
212,534
212,535
213,209
213,231
213,236
213,277
213,282
213,286
213,287
213,289
213,336
213,342
213,345
213,346
213,492
213,493
213,497
213,499
213,501
213,503
213,504
213,507
213,512
213,520
213,521
213,522
213,523
213,524
213,525
213,526
213,528
213,529
213,531
213,532
213,533
213,534
213,535
214,221
214,265
214,274
214,276
214,277
214,280
214,282
214,285
214,298
214,309
214,310
214,353
214,483
214,488
214,501
214,502
214,503
214,519
214,520
214,522
214,524
214,525
214,527
214,528
214,529
214,530
214,531
214,532
214,533
214,534
214,535
215,218
215,221
215,223
215,237
215,276
215,278
215,280
215,291
215,293
215,294
215,335
215,486
215,488
215,503
215,516
215,520
215,521
215,522
215,524
215,525
215,526
215,527
215,528
215,529
215,530
215,531
215,532
215,533
215,534
215,535
216,273
216,280
216,282
216,283
216,293
216,401
216,402
216,426
216,478
216,490
216,493
216,496
216,498
216,502
216,511
216,516
216,517
216,518
216,519
216,520
216,521
216,522
216,523
216,524
216,526
216,527
216,528
216,529
216,530
216,531
216,532
216,533
216,534
217,234
217,241
217,244
217,277
217,286
217,288
217,290
217,336
217,421
217,476
217,484
217,493
217,499
217,501
217,502
217,511
217,516
217,518
217,519
217,520
217,524
217,525
217,526
217,527
217,528
217,529
217,530
217,531
217,532
217,534
217,535
217,536
217,537
218,194
218,228
218,290
218,294
218,296
218,300
218,386
218,457
218,478
218,488
218,503
218,506
218,518
218,519
218,520
218,521
218,522
218,523
218,524
218,526
218,528
218,529
218,532
218,533
218,534
218,535
218,536
219,248
219,278
219,280
219,285
219,338
219,339
219,381
219,470
219,477
219,484
219,485
219,488
219,490
219,499
219,503
219,507
219,516
219,517
219,519
219,521
219,522
219,523
219,524
219,526
219,527
219,528
219,529
219,530
219,531
219,532
219,533
219,534
219,535
219,536
220,181
220,227
220,235
220,276
220,277
220,281
220,285
220,286
220,338
220,339
220,343
220,346
220,351
220,405
220,444
220,465
220,481
220,488
220,493
220,494
220,496
220,499
220,503
220,506
220,513
220,516
220,517
220,518
220,519
220,520
220,521
220,522
220,524
220,525
220,526
220,527
220,528
220,529
220,532
220,533
220,534
220,535
220,537
221,227
221,230
221,236
221,276
221,279
221,281
221,284
221,285
221,288
221,289
221,290
221,295
221,300
221,327
221,337
221,338
221,359
221,448
221,474
221,476
221,481
221,505
221,511
221,515
221,516
221,517
221,521
221,522
221,523
221,524
221,525
221,526
221,527
221,528
221,529
221,530
221,531
221,532
221,533
221,534
221,535
221,536
221,537
221,538
222,234
222,286
222,287
222,425
222,448
222,470
222,491
222,494
222,495
222,498
222,500
222,507
222,509
222,510
222,513
222,515
222,520
222,521
222,523
222,524
222,525
222,526
222,528
222,529
222,530
222,531
222,532
222,533
222,534
222,535
222,536
222,537
222,538
223,237
223,259
223,274
223,280
223,285
223,288
223,290
223,304
223,467
223,469
223,471
223,473
223,478
223,498
223,499
223,501
223,505
223,506
223,507
223,510
223,512
223,513
223,514
223,515
223,516
223,534
223,535
223,537
224,237
224,240
224,253
224,257
224,287
224,288
224,292
224,306
224,340
224,377
224,457
224,469
224,486
224,494
224,496
224,501
224,503
224,505
224,510
224,511
224,512
224,513
225,237
225,253
225,275
225,280
225,282
225,287
225,289
225,290
225,297
225,300
225,305
225,332
225,343
225,370
225,409
225,468
225,473
225,475
225,483
225,493
225,501
225,507
225,509
226,246
226,250
226,283
226,284
226,286
226,287
226,290
226,316
226,341
226,351
226,389
226,439
226,464
226,470
226,475
226,477
226,478
226,479
226,482
226,486
226,489
226,491
226,502
226,505
227,243
227,291
227,292
227,305
227,368
227,377
227,379
227,465
227,468
227,472
227,474
227,475
227,476
227,479
227,483
227,487
227,491
227,492
227,493
227,495
227,500
227,502
227,503
227,505
227,507
227,509
228,244
228,258
228,277
228,291
228,297
228,306
228,325
228,449
228,450
228,469
228,470
228,475
228,479
228,480
228,481
228,485
228,488
228,490
228,495
228,497
228,517
229,205
229,229
229,242
229,270
229,314
229,326
229,345
229,359
229,465
229,466
229,469
229,484
229,488
229,497
229,502
230,192
230,205
230,276
230,296
230,308
230,345
230,348
230,469
230,481
230,487
230,488
230,489
230,490
230,499
231,246
231,289
231,334
231,350
231,461
231,463
231,465
231,467
231,471
231,473
231,474
231,476
231,490
231,491
231,492
231,496
232,244
232,267
232,273
232,283
232,292
232,297
232,307
232,312
232,346
232,379
232,414
232,427
232,434
232,441
232,474
232,482
232,487
232,490
232,498
232,502
232,508
232,510
233,290
233,291
233,292
233,347
233,395
233,464
233,468
233,470
233,482
233,487
233,488
233,489
233,496
233,503
233,505
233,507
233,508
233,509
233,510
234,198
234,199
234,216
234,294
234,297
234,439
234,457
234,462
234,469
234,470
234,479
234,489
234,494
234,503
234,504
234,510
235,215
235,222
235,234
235,258
235,261
235,290
235,291
235,292
235,293
235,297
235,299
235,301
235,324
235,325
235,378
235,422
235,442
235,446
235,462
235,468
235,473
235,493
235,500
235,504
235,546
236,205
236,252
236,278
236,279
236,295
236,298
236,300
236,302
236,310
236,366
236,379
236,399
236,417
236,470
236,471
236,472
236,482
236,490
236,491
236,495
236,502
236,504
236,505
236,507
236,509
236,538
237,274
237,278
237,295
237,299
237,304
237,305
237,310
237,334
237,420
237,459
237,467
237,471
237,474
237,475
237,484
237,489
237,502
237,504
237,506
237,515
237,550
237,551
237,553
237,554
238,200
238,245
238,248
238,273
238,278
238,295
238,302
238,426
238,455
238,457
238,459
238,461
238,462
238,465
238,473
238,478
238,484
238,491
238,495
238,500
238,533
238,546
238,547
238,548
238,549
238,551
238,552
238,553
238,554
238,555
239,235
239,271
239,306
239,338
239,342
239,370
239,375
239,420
239,424
239,454
239,458
239,462
239,463
239,466
239,467
239,469
239,472
239,475
239,477
239,478
239,481
239,493
239,508
239,533
239,535
239,545
239,547
239,548
239,550
239,551
239,552
239,553
239,554
240,254
240,272
240,276
240,324
240,328
240,338
240,343
240,433
240,464
240,467
240,475
240,503
240,507
240,546
240,547
240,548
240,549
240,550
240,551
240,552
240,553
240,554
240,555
240,556
240,557
240,559
241,204
241,208
241,209
241,212
241,218
241,265
241,279
241,293
241,302
241,303
241,309
241,323
241,335
241,342
241,365
241,378
241,387
241,469
241,471
241,474
241,475
241,483
241,486
241,488
241,490
241,495
241,497
241,544
241,546
241,547
241,548
241,550
241,551
241,552
241,553
241,554
241,555
241,556
241,557
241,558
241,559
241,560
242,225
242,233
242,236
242,262
242,277
242,284
242,312
242,339
242,386
242,455
242,456
242,458
242,463
242,464
242,465
242,472
242,473
242,478
242,484
242,486
242,488
242,495
242,497
242,542
242,543
242,544
242,545
242,546
242,547
242,549
242,550
242,551
242,553
242,554
242,555
242,556
242,557
242,558
243,179
243,198
243,223
243,268
243,290
243,306
243,340
243,407
243,457
243,462
243,465
243,470
243,489
243,491
243,543
243,544
243,546
243,547
243,548
243,549
243,550
243,552
243,553
244,219
244,273
244,285
244,307
244,311
244,366
244,414
244,447
244,448
244,452
244,455
244,460
244,462
244,471
244,472
244,477
244,478
244,482
244,496
244,505
244,510
244,541
244,542
244,543
244,545
244,546
244,547
244,551
244,555
245,201
245,249
245,261
245,266
245,309
245,324
245,364
245,368
245,375
245,399
245,406
245,448
245,451
245,452
245,456
245,458
245,459
245,461
245,464
245,469
245,472
245,475
245,476
245,477
245,486
245,490
245,494
245,496
245,537
245,539
245,541
245,542
245,543
245,549
245,550
245,551
245,552
245,553
245,554
245,558
245,559
246,263
246,264
246,324
246,329
246,350
246,364
246,372
246,457
246,461
246,468
246,477
246,484
246,488
246,495
246,532
246,535
246,536
246,537
246,538
246,539
246,542
246,543
246,544
246,545
246,546
246,547
246,548
246,549
246,550
246,552
246,553
246,558
246,559
246,571
247,212
247,226
247,267
247,302
247,304
247,309
247,364
247,453
247,460
247,468
247,469
247,470
247,471
247,478
247,484
247,535
247,536
247,538
247,539
247,540
247,542
247,543
247,544
247,549
247,550
247,551
247,552
247,553
247,554
247,557
247,558
248,219
248,234
248,240
248,259
248,267
248,303
248,309
248,313
248,329
248,330
248,336
248,436
248,445
248,456
248,466
248,467
248,476
248,477
248,479
248,484
248,487
248,536
248,538
248,542
248,543
248,544
248,545
248,546
248,547
248,548
248,549
248,554
248,558
248,559
249,248
249,252
249,304
249,336
249,337
249,458
249,464
249,467
249,468
249,477
249,483
249,485
249,504
249,518
249,527
249,533
249,534
249,535
249,538
249,540
250,187
250,238
250,241
250,243
250,256
250,258
250,300
250,303
250,309
250,315
250,360
250,384
250,448
250,452
250,457
250,459
250,466
250,467
250,470
250,480
250,481
250,484
250,486
250,488
250,490
250,517
250,525
250,531
250,532
250,533
250,539
250,541
250,543
250,544
250,545
250,546
250,547
250,556
251,196
251,204
251,214
251,229
251,239
251,244
251,246
251,254
251,255
251,284
251,302
251,311
251,312
251,313
251,319
251,334
251,338
251,348
251,414
251,416
251,455
251,469
251,472
251,473
251,475
251,479
251,485
251,486
251,523
251,529
251,530
251,531
251,532
251,533
251,543
251,544
251,550
251,553
251,558
251,559
252,207
252,225
252,233
252,308
252,313
252,339
252,343
252,357
252,363
252,364
252,449
252,453
252,454
252,456
252,458
252,462
252,464
252,467
252,468
252,471
252,474
252,475
252,480
252,501
252,528
252,529
252,532
252,536
252,537
252,543
252,551
252,554
252,557
252,566
253,191
253,255
253,257
253,261
253,304
253,311
253,370
253,409
253,460
253,464
253,474
253,479
253,481
253,485
253,507
253,512
253,542
253,556
253,558
253,559
253,560
253,561
254,257
254,261
254,323
254,324
254,343
254,344
254,369
254,411
254,416
254,446
254,452
254,453
254,461
254,465
254,467
254,473
254,480
254,482
254,488
254,514
254,528
254,534
254,537
254,540
254,553
254,559
254,566
255,215
255,220
255,228
255,255
255,259
255,306
255,321
255,344
255,345
255,366
255,384
255,395
255,408
255,430
255,447
255,451
255,460
255,477
255,479
255,485
255,528
255,529
255,530
255,533
255,534
255,551
255,553
255,554
255,556
255,563
255,564
255,573
256,223
256,235
256,252
256,270
256,320
256,329
256,331
256,332
256,346
256,352
256,367
256,371
256,372
256,386
256,403
256,420
256,427
256,458
256,459
256,464
256,466
256,472
256,477
256,485
256,489
256,512
256,525
256,529
256,530
256,548
256,551
256,552
256,561
256,566
257,223
257,228
257,232
257,243
257,307
257,318
257,319
257,326
257,349
257,355
257,359
257,365
257,402
257,450
257,459
257,462
257,473
257,474
257,477
257,521
257,526
257,550
257,553
257,554
257,558
257,563
257,567
258,261
258,281
258,284
258,311
258,316
258,319
258,326
258,372
258,380
258,388
258,419
258,444
258,464
258,473
258,474
258,483
258,484
258,488
258,521
258,523
258,524
258,525
258,531
258,532
258,534
258,555
258,564
258,565
259,198
259,216
259,232
259,250
259,261
259,267
259,292
259,305
259,320
259,327
259,334
259,343
259,348
259,357
259,441
259,447
259,455
259,467
259,468
259,473
259,497
259,519
259,520
259,532
259,535
259,540
259,544
259,557
259,559
260,222
260,230
260,259
260,313
260,321
260,329
260,338
260,357
260,451
260,453
260,455
260,458
260,471
260,474
260,479
260,481
260,519
260,523
260,530
260,532
260,534
261,222
261,233
261,234
261,235
261,278
261,305
261,314
261,320
261,340
261,344
261,355
261,358
261,384
261,398
261,408
261,442
261,443
261,448
261,453
261,460
261,467
261,468
261,472
261,473
261,474
261,480
261,489
261,517
262,241
262,257
262,305
262,324
262,328
262,366
262,383
262,412
262,436
262,441
262,453
262,456
262,460
262,472
262,473
262,479
262,480
262,499
262,501
262,502
262,511
262,514
262,525
262,540
263,235
263,309
263,324
263,328
263,332
263,342
263,368
263,370
263,388
263,394
263,395
263,414
263,434
263,449
263,454
263,456
263,457
263,463
263,465
263,468
263,470
263,494
263,498
263,505
263,513
263,517
263,519
263,520
263,539
264,194
264,246
264,322
264,327
264,331
264,341
264,362
264,365
264,384
264,401
264,404
264,437
264,451
264,458
264,468
264,485
264,488
264,495
264,498
264,505
264,514
264,518
264,521
264,529
264,542
264,543
265,300
265,306
265,307
265,331
265,332
265,338
265,341
265,439
265,444
265,451
265,457
265,458
265,460
265,463
265,467
265,468
265,473
265,477
265,496
265,528
265,538
266,170
266,257
266,271
266,281
266,298
266,302
266,306
266,317
266,319
266,320
266,340
266,391
266,408
266,416
266,418
266,426
266,435
266,436
266,439
266,449
266,450
266,452
266,457
266,466
266,469
266,472
266,485
266,489
266,504
266,507
266,509
266,511
266,521
266,533
266,535
267,196
267,244
267,256
267,322
267,329
267,390
267,441
267,447
267,453
267,459
267,463
267,465
267,498
267,512
267,517
267,529
267,538
267,543
267,545
268,206
268,218
268,229
268,230
268,251
268,277
268,319
268,320
268,324
268,326
268,331
268,332
268,340
268,358
268,366
268,380
268,382
268,387
268,449
268,455
268,463
268,475
268,486
268,503
268,520
268,534
268,560
269,172
269,260
269,265
269,304
269,317
269,321
269,324
269,327
269,333
269,389
269,426
269,433
269,448
269,457
269,458
269,462
269,469
269,472
269,476
269,480
269,491
269,501
269,539
269,546
270,277
270,316
270,318
270,334
270,339
270,355
270,431
270,435
270,458
270,462
270,472
270,477
270,527
270,542
270,553
270,562
271,209
271,220
271,225
271,229
271,235
271,271
271,274
271,278
271,315
271,318
271,322
271,325
271,364
271,419
271,439
271,444
271,445
271,448
271,450
271,456
271,459
271,460
271,461
271,466
271,467
271,470
271,483
271,504
271,538
272,214
272,258
272,260
272,321
272,323
272,384
272,391
272,423
272,450
272,451
272,458
272,461
272,468
272,469
272,470
272,475
272,478
272,479
272,482
272,506
272,525
272,538
272,542
273,172
273,185
273,191
273,247
273,250
273,275
273,312
273,325
273,335
273,347
273,357
273,359
273,386
273,388
273,393
273,395
273,429
273,441
273,447
273,448
273,456
273,458
273,471
273,479
273,497
273,540
273,560
273,569
273,571
274,171
274,230
274,239
274,244
274,245
274,263
274,264
274,313
274,327
274,422
274,431
274,434
274,436
274,445
274,447
274,449
274,462
274,466
274,468
274,480
274,494
274,563
275,248
275,249
275,252
275,260
275,265
275,277
275,301
275,323
275,336
275,348
275,353
275,356
275,407
275,418
275,421
275,422
275,441
275,444
275,445
275,446
275,447
275,453
275,456
275,458
275,467
275,477
275,478
275,496
275,499
276,236
276,322
276,329
276,343
276,351
276,385
276,413
276,420
276,425
276,426
276,438
276,440
276,442
276,443
276,449
276,457
276,459
276,480
276,540
276,549
277,236
277,237
277,278
277,306
277,322
277,343
277,351
277,367
277,384
277,430
277,431
277,435
277,442
277,443
277,452
277,459
277,464
277,487
277,524
277,525
277,538
277,541
277,562
277,564
278,172
278,223
278,238
278,252
278,253
278,301
278,330
278,336
278,352
278,395
278,429
278,431
278,440
278,452
278,458
278,460
278,463
278,464
278,479
278,481
278,485
278,496
278,501
278,507
278,521
278,541
279,152
279,174
279,223
279,227
279,261
279,280
279,323
279,331
279,345
279,348
279,386
279,431
279,446
279,448
279,452
279,455
279,457
279,462
279,463
279,469
279,473
279,475
279,476
279,518
279,534
279,538
279,562
280,125
280,260
280,318
280,332
280,421
280,443
280,459
280,463
280,515
280,534
281,175
281,177
281,238
281,279
281,402
281,412
281,419
281,423
281,424
281,434
281,436
281,442
281,444
281,453
281,458
281,460
281,464
281,470
281,471
281,479
281,498
281,516
281,532
281,576
282,331
282,336
282,345
282,393
282,423
282,426
282,432
282,433
282,439
282,443
282,445
282,446
282,448
282,449
282,450
282,461
282,462
282,469
282,485
282,503
282,516
282,527
282,554
283,181
283,264
283,266
283,270
283,294
283,329
283,350
283,396
283,414
283,417
283,434
283,440
283,441
283,444
283,456
283,461
283,464
283,469
283,476
283,480
283,485
283,500
283,508
283,515
283,523
283,532
284,142
284,177
284,266
284,268
284,271
284,335
284,337
284,373
284,384
284,416
284,435
284,443
284,454
284,460
284,467
284,469
284,470
284,478
284,508
284,516
284,522
285,130
285,268
285,276
285,382
285,388
285,426
285,427
285,429
285,433
285,436
285,440
285,443
285,460
285,461
285,518
286,173
286,244
286,311
286,347
286,358
286,397
286,408
286,417
286,429
286,434
286,442
286,446
286,447
286,455
286,459
286,464
286,468
286,490
286,504
287,271
287,275
287,346
287,360
287,374
287,416
287,420
287,432
287,434
287,435
287,439
287,452
287,461
287,470
287,474
287,483
287,485
287,498
287,516
288,125
288,276
288,315
288,352
288,360
288,387
288,395
288,409
288,426
288,429
288,433
288,442
288,443
288,451
288,463
288,478
288,500
288,530
288,552
289,109
289,133
289,235
289,269
289,327
289,430
289,437
289,450
289,481
289,495
289,499
289,512
289,526
289,551
290,103
290,391
290,396
290,405
290,420
290,427
290,442
290,457
290,458
290,463
290,471
290,492
290,499
291,195
291,235
291,264
291,271
291,280
291,291
291,352
291,416
291,429
291,451
291,477
291,482
291,530
291,531
291,546
292,221
292,266
292,279
292,379
292,419
292,425
292,427
292,431
292,435
292,438
292,445
292,451
292,453
292,454
292,455
292,472
292,497
292,507
292,543
293,155
293,178
293,199
293,274
293,289
293,334
293,342
293,367
293,407
293,409
293,416
293,419
293,425
293,426
293,442
293,459
293,462
293,465
293,475
293,496
293,504
294,164
294,220
294,270
294,309
294,327
294,355
294,372
294,409
294,410
294,431
294,434
294,438
294,440
294,443
294,446
294,448
294,454
294,455
294,465
295,200
295,257
295,334
295,352
295,419
295,425
295,449
295,456
295,472
295,481
295,511
296,208
296,221
296,287
296,324
296,354
296,414
296,472
296,483
296,490
297,153
297,207
297,276
297,347
297,357
297,382
297,404
297,455
297,466
297,470
297,474
297,475
297,480
298,283
298,306
298,321
298,349
298,380
298,381
298,403
298,444
298,451
298,463
298,464
298,474
299,249
299,276
299,332
299,355
299,383
299,408
299,411
299,467
299,468
299,470
299,475
299,477
299,493
299,534
299,535
300,194
300,218
300,248
300,336
300,446
300,460
300,468
300,472
300,485
300,528
301,284
301,307
301,316
301,330
301,353
301,386
301,453
301,461
301,471
301,479
302,157
302,196
302,228
302,230
302,316
302,378
302,404
302,423
302,447
302,455
302,459
302,467
302,471
302,478
303,144
303,248
303,307
303,315
303,348
303,397
303,439
303,459
304,212
304,244
304,292
304,301
304,339
304,378
304,429
304,443
304,452
304,463
304,466
304,475
304,476
304,478
305,219
305,290
305,373
305,444
305,446
305,454
305,474
305,480
306,194
306,202
306,253
306,440
306,497
306,513
307,118
307,252
307,253
307,392
307,404
307,455
307,456
307,457
307,459
307,460
307,478
307,480
307,486
307,487
307,556
308,260
308,334
308,382
308,434
308,455
308,457
308,473
308,478
308,521
308,549
309,273
309,277
309,303
309,351
309,387
309,436
309,450
309,478
309,479
309,489
309,493
309,524
309,575
310,167
310,253
310,272
310,278
310,304
310,317
310,358
310,442
310,446
310,457
310,458
310,465
310,468
310,481
310,482
310,485
310,496
310,510
310,514
310,516
311,190
311,214
311,247
311,327
311,438
311,442
311,445
311,457
311,490
311,497
311,507
311,509
311,514
311,517
311,519
311,534
311,538
311,548
312,357
312,454
312,458
312,473
312,482
312,488
312,491
312,501
312,513
312,524
312,540
313,134
313,229
313,237
313,240
313,245
313,260
313,275
313,441
313,443
313,450
313,451
313,453
313,478
313,481
313,483
313,487
313,492
313,494
313,497
313,500
313,530
313,537
313,565
313,570
314,218
314,230
314,250
314,280
314,298
314,391
314,438
314,442
314,448
314,449
314,485
314,511
314,514
314,516
314,521
314,523
314,524
315,206
315,239
315,313
315,396
315,442
315,447
315,460
315,465
315,473
315,475
315,488
315,495
315,505
315,526
315,546
316,311
316,350
316,362
316,426
316,440
316,448
316,453
316,456
316,464
316,492
316,494
316,522
317,199
317,249
317,262
317,376
317,417
317,446
317,478
317,493
317,534
318,166
318,284
318,402
318,443
318,450
318,462
318,500
318,552
319,263
319,290
319,308
319,350
319,449
319,524
319,553
320,199
320,204
320,374
320,454
320,547
321,369
321,382
321,463
321,524
322,89
322,117
322,131
322,132
322,134
322,164
322,258
322,299
322,498
323,102
323,104
323,114
323,123
323,125
323,130
323,194
323,204
323,230
323,258
323,265
323,276
323,369
323,410
323,472
323,529
324,134
324,156
324,255
324,258
324,276
324,304
324,330
324,351
324,383
324,501
325,119
325,121
325,183
325,190
325,196
325,247
325,377
325,493
325,606
326,110
326,118
326,133
326,251
326,257
326,270
326,303
326,400
326,416
326,444
326,518
326,538
326,548
327,239
327,264
327,360
327,387
327,398
327,468
327,514
327,572
328,101
328,118
328,124
328,131
328,156
328,247
328,256
328,342
328,347
328,388
328,419
328,422
328,424
328,438
328,538
329,123
329,169
329,189
329,210
329,226
329,236
329,264
329,318
329,395
329,505
329,540
329,541
329,542
329,548
329,550
330,101
330,199
330,269
330,365
330,368
330,498
330,523
330,535
330,537
330,545
330,585
331,104
331,123
331,126
331,217
331,260
331,269
331,372
331,408
331,414
331,451
331,455
331,468
331,486
331,539
331,586
332,124
332,176
332,185
332,206
332,231
332,265
332,268
332,372
332,391
332,408
332,425
332,451
332,478
332,480
332,501
332,514
333,107
333,111
333,124
333,199
333,236
333,279
333,335
333,379
333,393
333,501
333,538
333,568
333,572
333,581
334,109
334,113
334,123
334,125
334,149
334,200
334,228
334,232
334,299
334,301
334,304
334,331
334,373
334,430
334,461
334,572
335,127
335,199
335,234
335,350
335,369
335,443
335,485
335,500
335,504
335,522
335,527
335,547
335,570
336,111
336,135
336,277
336,284
336,311
336,358
336,430
336,482
336,494
336,501
336,521
336,522
336,527
337,120
337,133
337,138
337,176
337,202
337,350
337,421
337,436
337,493
337,501
337,508
337,529
338,132
338,135
338,137
338,140
338,204
338,206
338,247
338,250
338,265
338,309
338,346
338,428
338,484
338,500
338,539
338,542
339,138
339,139
339,142
339,148
339,184
339,224
339,388
339,462
339,476
339,481
339,485
339,503
339,506
339,519
340,124
340,136
340,152
340,154
340,228
340,249
340,251
340,260
340,373
340,452
340,460
340,511
340,534
340,541
340,543
340,560
340,563
341,213
341,233
341,260
341,262
341,377
341,387
341,408
341,435
341,443
341,449
341,474
341,482
341,497
341,513
341,524
341,536
341,540
342,128
342,154
342,160
342,177
342,200
342,206
342,229
342,249
342,273
342,400
342,444
342,484
342,503
342,510
342,513
342,520
342,549
343,144
343,149
343,168
343,170
343,178
343,179
343,263
343,325
343,348
343,363
343,375
343,484
343,500
343,522
343,526
344,179
344,181
344,213
344,237
344,290
344,334
344,352
344,390
344,425
344,429
344,471
344,509
344,522
345,150
345,157
345,179
345,308
345,320
345,387
345,411
345,493
345,521
346,146
346,164
346,172
346,187
346,198
346,201
346,224
346,263
346,438
346,513
346,547
347,160
347,218
347,225
347,231
347,268
347,280
347,285
347,319
347,330
347,377
347,384
347,418
347,464
348,181
348,232
348,241
348,244
348,322
348,338
348,348
348,387
348,439
348,523
348,569
349,154
349,246
349,384
349,422
349,430
349,442
349,501
349,522
349,554
350,154
350,187
350,208
350,254
350,315
350,375
350,464
350,497
351,205
351,206
351,219
351,233
351,243
351,293
351,386
352,157
352,222
352,273
352,317
352,332
352,365
352,428
353,188
353,191
353,197
353,217
353,257
353,259
353,260
353,285
353,295
353,304
353,443
353,477
353,558
354,172
354,217
354,341
354,365
354,416
354,450
354,451
354,482
355,109
355,245
355,249
355,258
355,276
355,277
355,300
355,365
355,444
355,452
356,108
356,152
356,166
356,174
356,268
356,292
356,300
356,326
357,178
357,204
357,243
357,247
357,532
357,569
358,104
358,124
358,166
358,183
358,187
358,194
358,217
358,235
358,258
358,359
358,360
358,386
359,188
359,198
359,227
359,246
359,250
359,253
359,267
359,309
359,321
359,399
359,428
359,430
360,179
360,182
360,244
360,273
360,278
360,285
360,296
360,325
360,339
360,410
360,423
360,428
361,198
361,199
361,210
361,251
361,301
361,308
361,361
362,88
362,166
362,245
362,272
362,305
362,380
362,384
362,471
363,88
363,97
363,178
363,216
363,255
363,350
363,384
363,412
364,177
364,236
364,241
364,242
364,272
364,284
364,307
364,319
364,414
364,422
364,462
365,191
365,240
365,243
365,255
365,289
365,293
365,369
365,375
365,413
365,425
366,210
366,235
366,363
366,372
367,85
367,93
367,98
367,104
367,146
367,165
367,174
367,200
367,261
367,285
367,348
367,387
367,397
367,421
368,84
368,201
368,207
368,300
368,371
368,388
368,438
369,80
369,223
369,227
369,256
369,283
369,317
369,356
369,373
369,420
369,421
369,453
369,486
370,80
370,161
370,209
370,227
370,444
371,71
371,237
372,238
372,263
372,295
372,313
372,354
372,384
372,391
372,405
372,481
373,163
373,234
373,258
373,263
373,274
373,302
373,424
374,148
374,195
374,233
374,242
374,349
374,370
374,490
374,556
375,81
375,240
375,291
375,297
375,362
375,364
375,497
376,219
376,249
376,313
376,339
376,496
377,131
377,191
377,202
377,238
377,316
377,332
377,351
377,412
377,417
378,203
378,450
378,472
379,239
379,271
379,297
379,314
379,351
379,353
379,419
379,534
379,550
380,86
380,167
380,209
380,239
380,282
380,284
380,340
380,344
380,361
380,363
380,428
380,449
381,135
381,193
381,241
381,350
381,365
381,459
382,190
382,245
382,273
382,282
382,286
382,320
382,395
382,411
382,439
382,471
383,191
383,233
383,249
383,403
383,420
384,166
384,294
384,325
384,332
384,379
384,404
384,420
385,148
385,286
385,296
385,318
385,344
385,373
385,426
385,428
385,433
385,461
385,482
386,179
386,182
386,201
386,222
386,251
386,298
386,362
386,380
387,189
387,218
387,287
387,304
387,328
387,370
387,374
387,376
387,422
387,432
387,443
387,453
388,251
388,272
388,280
388,286
388,296
388,400
388,476
388,482
388,525
389,169
389,172
389,178
389,271
389,346
389,357
389,367
389,396
389,433
389,455
390,99
390,195
390,209
390,226
390,314
390,324
390,327
390,364
390,366
390,383
390,385
390,396
390,412
390,444
390,455
390,486
391,93
391,94
391,100
391,228
391,307
391,384
391,396
391,405
391,464
392,94
392,181
392,241
392,293
392,311
392,314
392,323
392,331
392,352
392,392
392,400
392,411
392,448
392,573
393,94
393,159
393,175
393,196
393,218
393,238
393,307
393,340
393,346
393,453
393,465
393,473
393,505
393,511
394,150
394,157
394,220
394,223
394,258
394,289
394,311
394,326
394,337
394,395
394,400
394,417
394,434
394,437
394,454
394,458
394,497
394,505
394,513
395,128
395,138
395,218
395,293
395,382
395,438
395,444
395,571
395,582
396,94
396,96
396,168
396,189
396,191
396,197
396,251
396,261
396,299
396,340
396,360
396,377
396,389
396,398
396,443
396,460
396,465
396,469
396,470
396,474
396,564
397,163
397,174
397,180
397,252
397,264
397,289
397,304
397,320
397,344
397,387
397,440
397,460
397,462
397,481
397,509
397,510
397,511
397,512
397,560
397,571
397,578
398,86
398,166
398,172
398,175
398,280
398,288
398,294
398,305
398,325
398,394
398,515
398,557
398,572
399,170
399,219
399,279
399,284
399,285
399,286
399,294
399,340
399,348
399,416
399,474
399,496
399,507
399,521
399,548
399,557
399,565
399,566
399,570
400,235
400,276
400,281
400,350
400,388
400,416
400,465
400,468
400,504
400,515
400,553
400,560
400,571
400,597
400,604
401,193
401,300
401,333
401,402
401,455
401,478
401,484
401,505
401,508
401,562
401,571
401,587
401,589
401,590
401,591
401,594
402,85
402,201
402,281
402,334
402,352
402,396
402,401
402,404
402,455
402,462
402,470
402,486
402,503
402,517
402,520
402,551
402,578
402,588
402,589
402,592
403,258
403,291
403,311
403,390
403,404
403,437
403,446
403,555
403,568
403,588
403,591
404,120
404,190
404,217
404,247
404,248
404,288
404,308
404,337
404,350
404,405
404,432
404,473
404,501
404,515
404,562
404,564
404,567
404,576
404,588
404,590
405,222
405,243
405,265
405,312
405,332
405,337
405,382
405,408
405,413
405,420
405,458
405,464
405,505
405,523
405,534
405,559
405,564
405,568
406,273
406,275
406,289
406,332
406,346
406,411
406,530
406,534
407,251
407,270
407,307
407,328
407,346
407,349
407,420
407,421
407,462
407,498
407,535
407,547
407,560
407,576
408,183
408,252
408,291
408,295
408,351
408,362
408,368
408,377
409,177
409,181
409,227
409,243
409,254
409,339
409,380
409,387
409,427
409,473
409,485
409,497
409,536
409,548
409,579
410,230
410,249
410,296
410,300
410,412
410,438
410,487
410,492
410,493
410,511
410,544
410,570
411,268
411,269
411,272
411,302
411,309
411,311
411,312
411,376
411,400
411,483
411,488
411,512
411,529
411,562
412,144
412,149
412,180
412,223
412,235
412,310
412,324
412,344
412,357
412,378
412,505
412,538
412,569
413,208
413,225
413,266
413,282
413,296
413,323
413,333
413,337
413,350
413,511
413,513
413,534
414,181
414,249
414,269
414,277
414,324
414,337
414,388
414,426
414,466
414,486
414,500
414,533
414,556
414,561
415,175
415,259
415,479
415,482
415,486
415,489
415,540
415,580
416,229
416,230
416,286
416,299
416,304
416,346
416,384
416,482
416,486
417,171
417,189
417,231
417,325
417,354
417,497
417,501
417,520
417,523
417,529
417,530
417,534
417,539
417,540
417,549
417,573
418,137
418,223
418,259
418,322
418,399
418,419
418,428
418,431
418,504
418,517
419,178
419,202
419,426
419,478
419,555
419,556
419,590
420,261
420,264
420,345
420,370
420,412
420,417
420,421
420,424
420,494
420,500
420,538
420,605
421,182
421,237
421,418
421,426
421,451
422,182
422,220
422,245
422,262
422,263
422,302
422,349
422,350
422,382
422,414
422,421
422,464
422,483
422,515
423,271
423,275
423,323
423,422
423,424
423,439
423,539
424,228
424,240
424,326
424,348
424,385
424,435
424,471
424,475
425,115
425,167
425,351
425,356
425,390
425,430
425,443
425,451
425,534
426,259
426,343
426,375
426,378
426,387
426,431
426,440
426,450
426,486
426,511
427,310
427,349
427,355
427,357
427,439
427,445
427,446
427,448
427,484
427,488
427,490
427,504
427,520
428,252
428,408
428,444
428,473
428,553
429,186
429,235
429,280
429,290
429,318
429,348
429,517
430,219
430,339
430,343
430,348
430,354
430,382
430,462
430,482
430,515
430,536
431,246
431,272
431,290
431,363
431,382
431,414
431,428
431,438
431,454
431,487
431,512
431,531
431,549
432,225
432,226
432,244
432,263
432,351
432,445
432,460
432,510
432,566
433,244
433,301
433,332
433,368
433,449
433,471
433,481
433,542
434,238
434,266
434,267
434,294
434,337
434,365
434,433
434,445
434,475
434,505
434,531
434,544
434,548
435,231
435,253
435,364
435,379
435,380
435,385
435,438
435,444
435,489
435,522
435,546
436,221
436,355
436,365
436,431
436,445
436,483
436,494
436,506
436,518
437,255
437,312
437,329
437,341
437,355
437,369
437,377
437,395
437,441
437,443
437,488
437,501
437,508
437,537
437,538
437,542
437,544
437,555
438,203
438,219
438,244
438,261
438,349
438,400
438,405
438,423
438,446
438,447
438,475
438,485
438,503
438,528
439,170
439,227
439,236
439,343
439,442
439,459
439,467
439,483
439,486
439,502
439,526
439,528
439,530
439,532
439,542
439,545
439,575
439,577
440,159
440,268
440,280
440,350
440,423
440,424
440,444
440,476
440,510
440,514
440,538
440,543
440,549
440,567
440,568
441,262
441,331
441,342
441,373
441,374
441,381
441,442
441,457
441,521
441,528
441,558
441,574
441,580
441,582
442,258
442,269
442,271
442,358
442,402
442,446
442,455
442,470
442,505
442,550
442,568
442,570
443,259
443,323
443,356
443,446
443,451
443,482
443,505
443,539
443,573
444,199
444,219
444,249
444,254
444,347
444,435
444,555
444,564
445,296
445,325
445,329
445,451
445,526
445,530
445,558
446,298
446,441
446,450
446,457
446,462
446,515
446,581
447,249
447,305
447,338
447,345
447,346
447,353
447,428
447,439
447,443
447,450
447,482
447,489
447,516
447,540
448,250
448,326
448,400
448,501
448,571
449,265
449,276
449,327
449,340
449,350
449,368
449,449
449,510
449,515
449,516
450,226
450,319
450,451
450,454
450,455
450,468
450,513
450,516
450,523
450,525
451,253
451,329
451,337
451,370
451,449
451,453
451,464
451,512
451,525
451,570
451,572
451,573
452,353
452,498
452,523
452,575
453,226
453,289
453,327
453,378
453,459
453,486
453,506
453,527
454,315
454,479
454,495
454,523
454,565
454,572
454,578
455,317
455,334
455,337
455,427
455,458
455,473
455,504
455,512
455,531
455,532
455,547
455,551
455,573
455,575
456,280
456,368
456,456
456,460
456,472
456,551
456,571
457,327
457,364
457,374
457,380
457,389
457,395
457,466
457,516
457,520
457,524
457,571
457,572
458,336
458,346
458,470
459,435
459,456
459,464
459,509
459,512
459,553
460,256
460,285
460,332
460,406
460,462
461,461
461,474
461,498
461,533
462,391
462,455
462,465
462,482
463,334
463,335
463,340
463,346
463,385
463,395
463,409
463,473
463,474
463,504
464,281
464,313
464,470
464,479
465,248
465,332
465,373
466,259
466,383
466,397
467,368
467,382
467,408
467,505
468,340
468,342
468,477
469,256
469,310
469,350
469,441
469,443
469,476
469,478
469,479
469,482
469,484
469,511
470,327
470,369
470,438
470,440
470,443
470,469
470,483
470,514
471,321
471,327
471,348
471,354
471,481
471,483
471,486
472,337
472,431
472,487
472,515
473,357
473,411
473,457
473,460
473,485
473,486
473,488
473,516
474,237
474,389
474,512
475,317
475,389
476,249
476,252
476,453
477,222
477,235
477,333
477,515
478,230
478,315
478,373
478,375
478,397
478,445
478,452
479,399
479,465
479,530
480,370
480,372
480,446
480,484
481,304
481,369
481,376
481,403
481,514
482,354
482,364
482,416
482,503
483,243
483,321
483,371
483,414
483,474
483,514
484,247
485,323
485,481
486,222
486,235
486,248
487,228
487,353
487,371
487,380
487,385
487,387
488,421
489,319
489,338
489,438
490,242
490,359
490,463
491,237
491,371
491,465
492,349
492,357
493,234
493,371
493,452
493,455
494,239
494,326
494,402
494,468
495,232
495,239
495,358
495,371
495,417
496,343
496,360
497,233
497,235
497,236
497,456
498,352
498,356
499,227
499,465
500,217
501,220
501,222
501,236
501,348
501,381
501,389
503,231
503,379
504,234
504,373
504,390
505,358
505,385
506,228
506,349
506,385
506,386
506,392
507,228
507,383
508,229
508,357
509,227
510,228
512,225
512,396
512,422
513,395
514,272
515,354
515,430
518,432
522,404
522,431
522,432
523,431
524,434
524,435
525,434
526,430
526,431
526,434
528,433
530,434
530,436
530,438
537,373
