257,297
257,313
257,315
258,296
258,297
258,312
258,313
258,314
258,315
258,316
258,317
258,321
259,289
259,290
259,291
259,292
259,293
259,294
259,295
259,296
259,297
259,305
259,313
259,314
259,315
259,316
259,317
259,318
259,319
259,320
259,321
259,322
259,323
260,289
260,290
260,291
260,292
260,293
260,294
260,295
260,296
260,297
260,298
260,299
260,301
260,305
260,312
260,313
260,314
260,315
260,317
260,318
260,319
261,290
261,291
261,292
261,293
261,294
261,295
261,296
261,297
261,298
261,299
261,300
261,301
261,302
261,307
261,314
261,315
261,318
262,285
262,286
262,287
262,288
262,289
262,290
262,291
262,292
262,293
262,294
262,297
262,298
262,300
262,301
262,302
262,303
262,311
262,312
262,315
262,317
262,318
262,320
262,324
262,325
263,284
263,285
263,286
263,287
263,288
263,289
263,290
263,291
263,292
263,294
263,296
263,297
263,298
263,299
263,300
263,301
263,302
263,308
263,310
263,315
263,316
263,317
263,318
263,319
263,321
263,322
263,323
263,324
263,325
263,326
264,280
264,281
264,282
264,283
264,284
264,285
264,287
264,288
264,289
264,290
264,291
264,292
264,293
264,294
264,295
264,296
264,297
264,299
264,300
264,301
264,302
264,321
264,322
264,323
264,324
264,325
265,279
265,280
265,281
265,285
265,286
265,287
265,288
265,289
265,290
265,291
265,294
265,295
265,297
265,299
265,300
265,301
265,304
265,307
265,308
265,309
265,310
265,316
265,318
265,320
265,321
265,325
266,279
266,280
266,281
266,282
266,283
266,284
266,287
266,288
266,289
266,291
266,292
266,294
266,295
266,296
266,298
266,299
266,300
266,303
266,304
266,307
266,308
266,311
266,312
266,313
266,315
266,318
266,319
266,322
267,279
267,281
267,284
267,285
267,286
267,289
267,290
267,291
267,292
267,293
267,294
267,296
267,297
267,298
267,299
267,304
267,306
267,307
267,308
267,309
267,313
267,315
267,316
267,318
267,320
267,323
267,328
267,332
267,333
267,334
267,335
267,336
268,265
268,266
268,274
268,279
268,280
268,281
268,286
268,287
268,289
268,290
268,291
268,294
268,295
268,299
268,301
268,302
268,309
268,311
268,318
268,320
268,321
268,322
268,324
268,327
268,329
268,332
268,333
268,335
269,265
269,266
269,270
269,278
269,279
269,280
269,281
269,286
269,287
269,288
269,290
269,291
269,293
269,294
269,295
269,297
269,298
269,299
269,300
269,302
269,303
269,305
269,306
269,307
269,309
269,310
269,312
269,315
269,319
269,320
269,323
269,325
269,326
269,327
269,329
269,330
269,331
269,332
269,333
269,334
269,335
269,337
269,338
270,276
270,277
270,279
270,280
270,284
270,285
270,286
270,287
270,289
270,290
270,293
270,295
270,296
270,297
270,298
270,299
270,301
270,303
270,305
270,306
270,307
270,308
270,309
270,311
270,312
270,313
270,315
270,316
270,317
270,321
270,323
270,324
270,326
270,327
270,328
270,329
270,332
270,333
270,334
270,335
270,336
271,273
271,279
271,281
271,282
271,285
271,286
271,288
271,289
271,290
271,291
271,292
271,294
271,295
271,296
271,298
271,299
271,300
271,302
271,303
271,304
271,305
271,306
271,307
271,308
271,311
271,312
271,313
271,316
271,317
271,318
271,320
271,321
271,322
271,324
271,325
271,326
271,327
271,328
271,329
271,330
271,331
271,333
271,334
271,335
271,338
272,263
272,264
272,266
272,272
272,274
272,275
272,281
272,283
272,287
272,288
272,289
272,291
272,292
272,293
272,296
272,297
272,299
272,303
272,306
272,309
272,310
272,312
272,317
272,318
272,324
272,326
272,328
272,329
272,330
272,331
272,332
272,335
272,337
272,342
273,263
273,264
273,268
273,269
273,276
273,277
273,280
273,281
273,282
273,285
273,288
273,290
273,293
273,294
273,295
273,301
273,304
273,305
273,306
273,309
273,313
273,314
273,317
273,318
273,319
273,320
273,324
273,325
273,327
273,331
273,332
273,333
273,339
273,340
273,342
273,344
273,345
273,346
274,271
274,273
274,276
274,279
274,282
274,284
274,288
274,290
274,291
274,292
274,293
274,295
274,297
274,299
274,300
274,302
274,305
274,308
274,310
274,311
274,315
274,316
274,317
274,320
274,321
274,322
274,323
274,325
274,328
274,329
274,330
274,332
274,333
274,334
274,339
274,345
274,346
275,262
275,263
275,266
275,268
275,269
275,271
275,276
275,277
275,284
275,285
275,286
275,291
275,293
275,294
275,295
275,296
275,297
275,298
275,300
275,301
275,302
275,303
275,304
275,307
275,310
275,312
275,314
275,315
275,316
275,319
275,321
275,323
275,324
275,326
275,327
275,328
275,330
275,331
275,333
275,334
275,336
275,338
276,257
276,258
276,261
276,262
276,263
276,264
276,265
276,266
276,267
276,268
276,269
276,272
276,273
276,277
276,278
276,279
276,284
276,286
276,289
276,292
276,297
276,298
276,301
276,302
276,303
276,304
276,307
276,311
276,312
276,313
276,319
276,320
276,321
276,322
276,323
276,324
276,325
276,330
276,337
276,338
276,341
277,256
277,257
277,258
277,259
277,261
277,262
277,264
277,265
277,266
277,267
277,269
277,270
277,271
277,272
277,275
277,276
277,278
277,279
277,281
277,283
277,284
277,290
277,292
277,293
277,295
277,296
277,297
277,298
277,300
277,302
277,306
277,307
277,308
277,309
277,313
277,314
277,315
277,317
277,320
277,321
277,322
277,323
277,324
277,325
277,326
277,327
277,328
277,329
277,331
277,332
277,334
277,342
277,343
277,346
277,347
278,255
278,256
278,257
278,258
278,260
278,263
278,264
278,266
278,267
278,268
278,269
278,272
278,277
278,278
278,280
278,281
278,282
278,283
278,286
278,287
278,289
278,292
278,295
278,298
278,299
278,300
278,301
278,302
278,303
278,304
278,305
278,308
278,310
278,311
278,312
278,313
278,314
278,315
278,318
278,319
278,323
278,324
278,325
278,327
278,329
278,331
278,334
278,335
278,336
278,337
278,341
278,342
278,343
278,344
278,345
278,346
278,347
278,348
278,349
278,350
279,254
279,255
279,256
279,257
279,258
279,259
279,260
279,261
279,262
279,263
279,264
279,265
279,266
279,267
279,268
279,269
279,270
279,272
279,273
279,274
279,276
279,277
279,280
279,281
279,284
279,287
279,288
279,289
279,290
279,291
279,292
279,295
279,298
279,302
279,303
279,304
279,307
279,312
279,314
279,315
279,318
279,322
279,324
279,326
279,327
279,331
279,333
279,335
279,336
279,337
279,339
279,341
279,342
279,343
279,344
279,347
279,348
280,253
280,254
280,255
280,256
280,257
280,258
280,259
280,261
280,262
280,263
280,267
280,268
280,270
280,271
280,272
280,273
280,274
280,276
280,277
280,279
280,280
280,281
280,282
280,283
280,284
280,288
280,289
280,290
280,291
280,292
280,294
280,295
280,296
280,297
280,299
280,300
280,301
280,303
280,306
280,307
280,308
280,312
280,313
280,314
280,318
280,321
280,322
280,323
280,324
280,326
280,327
280,329
280,330
280,331
280,335
280,336
280,337
280,338
280,339
280,340
280,341
280,343
280,345
280,346
280,347
280,348
280,349
280,350
281,251
281,252
281,253
281,254
281,255
281,256
281,257
281,258
281,259
281,260
281,261
281,263
281,264
281,265
281,266
281,268
281,269
281,270
281,274
281,275
281,278
281,279
281,280
281,283
281,286
281,287
281,290
281,291
281,292
281,293
281,298
281,300
281,301
281,302
281,303
281,305
281,307
281,311
281,312
281,313
281,315
281,316
281,317
281,318
281,319
281,323
281,324
281,325
281,326
281,327
281,328
281,329
281,332
281,333
281,335
281,336
281,338
281,339
281,340
281,341
281,344
281,346
281,347
281,348
281,349
281,350
281,351
282,251
282,252
282,253
282,256
282,257
282,258
282,259
282,260
282,261
282,262
282,263
282,264
282,265
282,266
282,268
282,270
282,271
282,274
282,275
282,276
282,277
282,278
282,282
282,283
282,284
282,285
282,286
282,287
282,288
282,292
282,293
282,294
282,297
282,298
282,299
282,300
282,301
282,302
282,304
282,307
282,308
282,310
282,313
282,314
282,315
282,316
282,319
282,321
282,322
282,323
282,324
282,326
282,327
282,328
282,329
282,330
282,331
282,335
282,337
282,338
282,339
282,341
282,342
282,343
282,344
282,345
282,346
282,347
282,348
282,349
282,350
282,351
283,258
283,259
283,261
283,266
283,267
283,268
283,269
283,270
283,271
283,272
283,277
283,280
283,281
283,282
283,285
283,290
283,291
283,293
283,294
283,298
283,301
283,302
283,303
283,304
283,307
283,309
283,310
283,311
283,312
283,317
283,319
283,320
283,321
283,323
283,324
283,325
283,326
283,329
283,332
283,333
283,335
283,336
283,338
283,340
283,341
283,343
283,345
283,347
283,348
283,350
283,355
284,252
284,256
284,257
284,258
284,260
284,261
284,262
284,263
284,265
284,266
284,268
284,269
284,270
284,271
284,274
284,275
284,277
284,278
284,279
284,281
284,282
284,283
284,288
284,289
284,292
284,296
284,299
284,301
284,302
284,304
284,305
284,312
284,313
284,317
284,319
284,320
284,321
284,323
284,326
284,327
284,329
284,330
284,332
284,333
284,334
284,337
284,339
284,345
284,346
284,347
284,348
284,349
284,354
285,250
285,251
285,252
285,255
285,256
285,258
285,263
285,265
285,266
285,270
285,275
285,278
285,280
285,281
285,282
285,284
285,287
285,294
285,295
285,298
285,301
285,302
285,303
285,304
285,305
285,306
285,307
285,309
285,312
285,313
285,316
285,318
285,320
285,321
285,322
285,324
285,330
285,331
285,333
285,335
285,337
285,338
285,339
285,340
285,341
285,342
285,343
285,344
285,346
285,347
285,348
285,350
286,248
286,249
286,250
286,251
286,253
286,262
286,263
286,264
286,268
286,269
286,271
286,276
286,278
286,279
286,280
286,282
286,286
286,293
286,297
286,306
286,307
286,308
286,309
286,310
286,311
286,313
286,315
286,317
286,319
286,320
286,321
286,324
286,325
286,326
286,327
286,329
286,330
286,331
286,332
286,336
286,337
286,339
286,340
286,341
286,343
286,344
286,345
286,346
286,347
286,348
286,349
287,247
287,248
287,249
287,250
287,251
287,252
287,253
287,255
287,257
287,258
287,259
287,260
287,261
287,262
287,264
287,266
287,268
287,270
287,272
287,275
287,276
287,278
287,279
287,280
287,282
287,283
287,284
287,285
287,286
287,288
287,290
287,294
287,295
287,299
287,300
287,301
287,302
287,303
287,304
287,306
287,308
287,311
287,312
287,314
287,315
287,317
287,321
287,322
287,325
287,327
287,328
287,329
287,335
287,336
287,339
287,342
287,343
287,344
287,345
287,346
287,347
287,348
287,350
287,356
288,243
288,244
288,245
288,246
288,247
288,248
288,249
288,250
288,251
288,252
288,253
288,260
288,264
288,267
288,268
288,269
288,270
288,271
288,274
288,277
288,281
288,282
288,283
288,284
288,285
288,286
288,289
288,293
288,294
288,295
288,297
288,298
288,299
288,303
288,304
288,305
288,306
288,312
288,313
288,314
288,315
288,316
288,318
288,321
288,322
288,323
288,325
288,327
288,330
288,331
288,332
288,333
288,334
288,335
288,338
288,341
288,342
288,343
288,345
288,346
288,348
288,353
288,355
288,356
289,242
289,243
289,244
289,245
289,246
289,247
289,248
289,249
289,250
289,251
289,252
289,254
289,260
289,262
289,263
289,264
289,265
289,266
289,267
289,268
289,269
289,270
289,271
289,272
289,274
289,276
289,277
289,280
289,281
289,286
289,287
289,290
289,292
289,293
289,297
289,300
289,301
289,302
289,304
289,305
289,308
289,309
289,310
289,312
289,313
289,315
289,317
289,321
289,322
289,323
289,327
289,328
289,329
289,330
289,335
289,336
289,338
289,339
289,340
289,341
289,342
289,343
289,344
289,345
289,347
289,349
290,243
290,244
290,245
290,246
290,247
290,248
290,250
290,252
290,254
290,257
290,258
290,259
290,260
290,261
290,263
290,264
290,267
290,268
290,269
290,270
290,271
290,273
290,276
290,277
290,278
290,280
290,284
290,287
290,290
290,297
290,300
290,301
290,302
290,303
290,305
290,306
290,307
290,309
290,311
290,312
290,314
290,316
290,323
290,327
290,328
290,330
290,331
290,332
290,334
290,338
290,339
290,342
290,343
290,346
290,347
290,349
290,356
291,244
291,245
291,246
291,247
291,253
291,256
291,258
291,259
291,261
291,263
291,265
291,268
291,269
291,270
291,271
291,275
291,277
291,278
291,280
291,283
291,284
291,285
291,287
291,288
291,289
291,292
291,293
291,295
291,296
291,297
291,298
291,300
291,301
291,302
291,303
291,304
291,308
291,309
291,310
291,312
291,313
291,319
291,322
291,323
291,325
291,326
291,328
291,329
291,330
291,331
291,332
291,335
291,336
291,342
291,348
291,349
291,351
291,354
292,243
292,244
292,245
292,246
292,247
292,248
292,249
292,250
292,251
292,253
292,254
292,255
292,256
292,257
292,260
292,261
292,262
292,264
292,265
292,266
292,270
292,272
292,273
292,274
292,275
292,276
292,279
292,280
292,281
292,288
292,289
292,290
292,291
292,293
292,295
292,296
292,302
292,303
292,305
292,308
292,309
292,313
292,314
292,316
292,319
292,320
292,322
292,323
292,324
292,333
292,336
292,337
292,340
292,345
292,347
292,350
292,355
292,360
293,243
293,244
293,245
293,246
293,247
293,248
293,249
293,250
293,251
293,253
293,254
293,255
293,256
293,257
293,258
293,259
293,262
293,266
293,267
293,269
293,271
293,273
293,274
293,275
293,278
293,282
293,284
293,286
293,287
293,288
293,289
293,290
293,291
293,292
293,293
293,294
293,298
293,302
293,303
293,306
293,307
293,308
293,311
293,312
293,313
293,317
293,318
293,319
293,320
293,321
293,323
293,324
293,325
293,326
293,330
293,331
293,332
293,334
293,337
293,340
293,345
293,346
293,347
293,348
293,350
293,352
293,353
293,357
294,243
294,244
294,246
294,247
294,250
294,252
294,254
294,255
294,256
294,257
294,258
294,260
294,262
294,263
294,265
294,267
294,268
294,269
294,270
294,271
294,272
294,273
294,275
294,276
294,277
294,278
294,279
294,282
294,283
294,288
294,290
294,291
294,295
294,296
294,298
294,299
294,301
294,302
294,303
294,304
294,307
294,308
294,309
294,311
294,314
294,315
294,318
294,324
294,326
294,327
294,331
294,333
294,334
294,335
294,340
294,345
294,348
294,349
294,351
294,352
294,354
294,356
294,360
294,361
294,364
294,365
295,241
295,242
295,243
295,244
295,245
295,246
295,247
295,248
295,250
295,255
295,257
295,259
295,260
295,262
295,263
295,264
295,266
295,267
295,268
295,269
295,272
295,273
295,274
295,275
295,276
295,280
295,282
295,283
295,286
295,287
295,288
295,292
295,293
295,294
295,296
295,298
295,301
295,302
295,307
295,308
295,310
295,311
295,312
295,314
295,316
295,317
295,322
295,323
295,326
295,328
295,330
295,332
295,333
295,334
295,336
295,338
295,339
295,340
295,341
295,342
295,344
295,348
295,351
295,352
295,357
295,358
295,359
295,360
295,364
296,241
296,242
296,243
296,244
296,245
296,246
296,247
296,249
296,250
296,252
296,253
296,255
296,256
296,258
296,262
296,263
296,265
296,269
296,270
296,271
296,272
296,273
296,274
296,276
296,277
296,278
296,279
296,280
296,282
296,284
296,285
296,288
296,289
296,291
296,293
296,295
296,296
296,297
296,298
296,299
296,300
296,302
296,303
296,304
296,305
296,307
296,310
296,311
296,316
296,319
296,321
296,322
296,324
296,330
296,331
296,332
296,334
296,335
296,336
296,337
296,339
296,340
296,341
296,342
296,343
296,345
296,346
296,348
296,351
296,352
296,353
296,356
296,357
296,358
296,359
296,360
296,361
296,362
296,363
296,364
296,365
297,240
297,241
297,242
297,243
297,244
297,247
297,248
297,249
297,250
297,251
297,252
297,253
297,254
297,256
297,257
297,258
297,259
297,260
297,262
297,263
297,265
297,266
297,267
297,269
297,270
297,271
297,273
297,274
297,275
297,277
297,282
297,283
297,284
297,285
297,286
297,287
297,289
297,293
297,295
297,298
297,299
297,301
297,302
297,303
297,304
297,306
297,307
297,313
297,314
297,315
297,317
297,320
297,323
297,324
297,326
297,329
297,332
297,333
297,335
297,337
297,338
297,340
297,342
297,343
297,344
297,346
297,348
297,349
297,351
297,353
297,354
297,355
297,357
297,359
297,360
297,361
297,362
297,363
298,241
298,242
298,243
298,244
298,245
298,247
298,248
298,249
298,250
298,251
298,252
298,253
298,255
298,257
298,258
298,259
298,260
298,262
298,263
298,265
298,267
298,268
298,270
298,273
298,275
298,277
298,278
298,280
298,281
298,283
298,284
298,285
298,286
298,287
298,291
298,292
298,294
298,295
298,296
298,298
298,299
298,301
298,302
298,303
298,304
298,308
298,309
298,310
298,311
298,314
298,315
298,316
298,318
298,320
298,322
298,324
298,325
298,326
298,331
298,332
298,334
298,336
298,337
298,340
298,341
298,342
298,343
298,344
298,346
298,348
298,350
298,351
298,354
298,355
298,356
298,357
298,358
298,359
298,360
298,361
298,362
298,363
299,242
299,243
299,244
299,245
299,246
299,248
299,249
299,250
299,255
299,257
299,259
299,260
299,261
299,264
299,265
299,267
299,270
299,271
299,272
299,274
299,275
299,276
299,277
299,280
299,283
299,287
299,288
299,289
299,290
299,292
299,294
299,300
299,301
299,303
299,304
299,305
299,307
299,308
299,310
299,311
299,313
299,314
299,315
299,318
299,319
299,320
299,322
299,323
299,329
299,330
299,333
299,334
299,336
299,337
299,338
299,340
299,341
299,342
299,343
299,344
299,345
299,348
299,350
299,352
299,353
299,354
299,357
299,358
299,359
299,361
299,362
299,363
299,364
300,240
300,241
300,242
300,244
300,245
300,246
300,247
300,248
300,249
300,252
300,253
300,254
300,258
300,259
300,262
300,263
300,264
300,265
300,266
300,268
300,270
300,271
300,272
300,276
300,280
300,281
300,285
300,286
300,287
300,288
300,290
300,291
300,297
300,298
300,299
300,300
300,302
300,304
300,305
300,309
300,310
300,311
300,312
300,315
300,316
300,317
300,319
300,320
300,321
300,323
300,324
300,325
300,327
300,328
300,330
300,333
300,335
300,336
300,337
300,338
300,339
300,340
300,341
300,342
300,343
300,344
300,345
300,346
300,348
300,350
300,351
300,352
300,353
300,354
300,355
300,356
300,359
300,360
300,361
301,240
301,241
301,242
301,243
301,245
301,247
301,249
301,250
301,251
301,253
301,255
301,256
301,257
301,259
301,261
301,263
301,265
301,266
301,268
301,270
301,271
301,273
301,275
301,276
301,277
301,280
301,281
301,282
301,283
301,287
301,288
301,290
301,292
301,295
301,296
301,299
301,301
301,303
301,305
301,306
301,309
301,310
301,311
301,313
301,315
301,317
301,318
301,319
301,320
301,321
301,323
301,324
301,325
301,328
301,329
301,330
301,334
301,335
301,336
301,337
301,338
301,339
301,340
301,344
301,345
301,347
301,350
301,352
301,353
301,354
301,355
301,356
301,359
301,360
302,240
302,241
302,243
302,244
302,245
302,247
302,248
302,250
302,251
302,253
302,254
302,255
302,258
302,261
302,264
302,266
302,267
302,268
302,269
302,270
302,271
302,276
302,277
302,281
302,284
302,286
302,287
302,289
302,293
302,294
302,295
302,296
302,297
302,298
302,313
302,318
302,320
302,321
302,323
302,328
302,332
302,333
302,335
302,336
302,338
302,341
302,342
302,343
302,344
302,345
302,346
302,347
302,348
302,349
302,350
302,353
302,355
302,356
302,357
302,358
302,359
303,241
303,243
303,244
303,248
303,249
303,250
303,251
303,252
303,253
303,255
303,258
303,259
303,261
303,265
303,266
303,270
303,271
303,272
303,274
303,277
303,278
303,280
303,282
303,284
303,286
303,289
303,295
303,298
303,299
303,300
303,303
303,304
303,305
303,306
303,307
303,309
303,311
303,312
303,318
303,319
303,321
303,322
303,325
303,327
303,328
303,332
303,336
303,337
303,338
303,339
303,340
303,342
303,345
303,346
303,348
303,350
303,351
303,353
303,354
303,355
303,356
303,357
303,358
303,359
303,360
304,239
304,240
304,242
304,243
304,244
304,246
304,247
304,248
304,249
304,252
304,253
304,254
304,255
304,256
304,257
304,258
304,262
304,265
304,266
304,267
304,268
304,269
304,270
304,272
304,273
304,276
304,278
304,279
304,280
304,284
304,285
304,286
304,287
304,288
304,289
304,290
304,291
304,294
304,297
304,298
304,301
304,303
304,307
304,308
304,309
304,311
304,312
304,313
304,314
304,316
304,318
304,320
304,321
304,324
304,325
304,326
304,327
304,328
304,331
304,332
304,333
304,334
304,335
304,337
304,339
304,340
304,342
304,343
304,345
304,347
304,348
304,350
304,351
304,352
304,354
304,355
304,356
304,357
304,358
304,359
304,360
304,361
305,241
305,242
305,243
305,244
305,245
305,246
305,247
305,248
305,249
305,250
305,252
305,253
305,256
305,258
305,259
305,260
305,263
305,264
305,265
305,268
305,270
305,271
305,273
305,274
305,275
305,276
305,277
305,278
305,280
305,284
305,285
305,288
305,289
305,291
305,292
305,293
305,294
305,297
305,299
305,307
305,309
305,310
305,311
305,314
305,315
305,318
305,319
305,320
305,321
305,323
305,325
305,327
305,330
305,331
305,334
305,335
305,336
305,337
305,338
305,340
305,343
305,345
305,349
305,350
305,352
305,353
305,354
305,355
305,356
305,357
305,358
305,359
305,361
305,362
306,245
306,246
306,247
306,248
306,249
306,250
306,251
306,253
306,255
306,257
306,258
306,259
306,261
306,265
306,270
306,272
306,273
306,275
306,277
306,278
306,279
306,280
306,281
306,282
306,284
306,285
306,286
306,290
306,291
306,294
306,296
306,299
306,300
306,301
306,302
306,306
306,307
306,311
306,313
306,316
306,319
306,321
306,322
306,325
306,327
306,330
306,331
306,334
306,335
306,338
306,339
306,340
306,341
306,342
306,344
306,346
306,347
306,348
306,349
306,350
306,351
306,352
306,355
306,356
306,357
306,358
306,359
306,360
307,247
307,250
307,251
307,252
307,253
307,254
307,256
307,257
307,260
307,267
307,269
307,270
307,271
307,273
307,274
307,277
307,278
307,280
307,281
307,282
307,284
307,288
307,290
307,291
307,293
307,295
307,296
307,297
307,298
307,302
307,303
307,305
307,306
307,307
307,308
307,310
307,318
307,322
307,323
307,324
307,325
307,326
307,327
307,328
307,329
307,331
307,332
307,334
307,335
307,336
307,337
307,338
307,340
307,342
307,343
307,347
307,348
307,350
307,351
307,352
307,353
307,354
307,355
307,356
307,357
307,358
307,359
307,360
308,243
308,247
308,249
308,251
308,252
308,255
308,260
308,261
308,262
308,266
308,267
308,268
308,269
308,271
308,275
308,276
308,277
308,280
308,281
308,284
308,285
308,286
308,288
308,289
308,290
308,292
308,294
308,295
308,298
308,300
308,301
308,302
308,303
308,305
308,307
308,308
308,309
308,310
308,311
308,312
308,314
308,315
308,317
308,318
308,319
308,320
308,321
308,322
308,323
308,324
308,325
308,327
308,329
308,332
308,335
308,337
308,339
308,342
308,343
308,344
308,345
308,347
308,348
308,349
308,350
308,351
308,352
308,353
308,354
308,355
308,356
308,357
309,248
309,253
309,254
309,255
309,257
309,259
309,260
309,262
309,265
309,267
309,270
309,275
309,277
309,280
309,285
309,286
309,287
309,289
309,290
309,292
309,297
309,298
309,300
309,302
309,307
309,309
309,310
309,312
309,313
309,314
309,316
309,318
309,319
309,320
309,321
309,323
309,324
309,325
309,329
309,330
309,331
309,332
309,333
309,337
309,338
309,339
309,340
309,342
309,343
309,344
309,345
309,346
309,347
309,348
309,350
309,352
309,353
309,354
309,355
309,357
309,358
309,359
309,360
309,361
310,245
310,249
310,253
310,257
310,258
310,262
310,269
310,270
310,277
310,279
310,283
310,286
310,287
310,288
310,289
310,290
310,291
310,292
310,295
310,296
310,298
310,300
310,307
310,311
310,312
310,315
310,320
310,325
310,327
310,328
310,334
310,341
310,347
310,348
310,349
310,350
310,351
310,352
310,353
310,354
310,355
310,356
310,358
310,359
310,360
310,361
311,252
311,264
311,266
311,267
311,271
311,272
311,275
311,276
311,278
311,282
311,284
311,285
311,286
311,287
311,289
311,290
311,291
311,292
311,293
311,294
311,295
311,296
311,297
311,298
311,299
311,301
311,304
311,306
311,307
311,310
311,311
311,312
311,313
311,314
311,316
311,317
311,325
311,327
311,333
311,340
311,348
311,349
311,350
311,351
311,352
311,353
311,354
311,355
311,356
311,357
311,358
311,359
311,360
311,361
311,362
312,249
312,252
312,254
312,261
312,262
312,264
312,265
312,266
312,269
312,273
312,277
312,278
312,279
312,281
312,282
312,283
312,291
312,292
312,293
312,295
312,296
312,297
312,298
312,301
312,309
312,311
312,313
312,315
312,319
312,320
312,321
312,322
312,329
312,332
312,334
312,339
312,341
312,342
312,343
312,347
312,348
312,353
312,355
312,356
312,357
312,358
312,359
312,360
312,361
312,362
312,363
313,243
313,248
313,249
313,250
313,253
313,255
313,260
313,261
313,264
313,265
313,266
313,268
313,270
313,271
313,275
313,277
313,278
313,279
313,280
313,282
313,283
313,286
313,287
313,288
313,289
313,290
313,291
313,294
313,295
313,296
313,297
313,299
313,300
313,303
313,305
313,306
313,308
313,309
313,311
313,312
313,313
313,316
313,317
313,319
313,320
313,323
313,324
313,325
313,329
313,330
313,331
313,333
313,335
313,339
313,340
313,341
313,342
313,343
313,344
313,349
313,350
314,254
314,255
314,257
314,263
314,265
314,266
314,267
314,268
314,269
314,270
314,271
314,272
314,276
314,280
314,282
314,283
314,284
314,288
314,292
314,293
314,294
314,299
314,301
314,303
314,307
314,308
314,309
314,311
314,314
314,319
314,320
314,324
314,325
314,328
314,329
314,332
314,333
314,334
314,337
314,338
314,341
314,344
314,346
314,348
314,349
314,351
314,352
314,356
315,252
315,254
315,256
315,262
315,273
315,275
315,278
315,280
315,281
315,283
315,284
315,285
315,288
315,289
315,290
315,291
315,292
315,293
315,294
315,295
315,297
315,298
315,299
315,300
315,304
315,305
315,311
315,314
315,315
315,316
315,317
315,318
315,319
315,321
315,322
315,325
315,326
315,328
315,331
315,333
315,346
315,347
315,349
315,351
315,357
315,359
316,246
316,251
316,254
316,255
316,262
316,264
316,267
316,268
316,271
316,273
316,276
316,277
316,278
316,279
316,280
316,281
316,283
316,286
316,287
316,289
316,290
316,292
316,293
316,297
316,298
316,299
316,301
316,302
316,303
316,306
316,307
316,310
316,313
316,314
316,316
316,319
316,320
316,321
316,322
316,323
316,325
316,328
316,329
316,331
316,333
316,337
316,339
316,347
316,348
316,349
316,350
316,353
317,249
317,256
317,259
317,262
317,264
317,265
317,270
317,271
317,273
317,277
317,278
317,279
317,283
317,284
317,285
317,288
317,289
317,290
317,291
317,292
317,293
317,295
317,297
317,298
317,299
317,300
317,302
317,311
317,312
317,313
317,316
317,317
317,318
317,323
317,324
317,325
317,327
317,330
317,331
317,333
317,336
317,340
317,342
317,343
317,345
317,355
318,254
318,261
318,265
318,267
318,269
318,270
318,273
318,274
318,275
318,276
318,277
318,280
318,283
318,284
318,289
318,290
318,291
318,292
318,293
318,294
318,295
318,298
318,302
318,303
318,308
318,310
318,311
318,312
318,313
318,315
318,319
318,321
318,322
318,324
318,325
318,326
318,328
318,329
318,333
318,334
318,341
318,342
318,346
318,351
318,353
318,355
319,256
319,257
319,262
319,263
319,264
319,266
319,267
319,268
319,270
319,271
319,272
319,273
319,275
319,276
319,282
319,284
319,287
319,288
319,289
319,292
319,294
319,296
319,298
319,300
319,302
319,304
319,305
319,307
319,308
319,310
319,311
319,312
319,313
319,315
319,316
319,320
319,323
319,325
319,326
319,327
319,329
319,330
319,331
319,334
319,338
319,341
319,345
320,254
320,262
320,263
320,264
320,267
320,268
320,270
320,271
320,272
320,273
320,274
320,276
320,278
320,281
320,283
320,285
320,286
320,287
320,288
320,293
320,296
320,297
320,298
320,299
320,300
320,301
320,303
320,304
320,307
320,309
320,310
320,311
320,313
320,314
320,315
320,317
320,318
320,319
320,323
320,325
320,329
320,331
320,332
320,333
320,335
320,336
320,337
320,339
320,341
320,344
321,260
321,265
321,266
321,267
321,269
321,270
321,271
321,272
321,273
321,275
321,276
321,277
321,278
321,280
321,285
321,287
321,293
321,294
321,295
321,301
321,302
321,304
321,305
321,306
321,307
321,311
321,312
321,316
321,317
321,319
321,321
321,323
321,327
321,329
321,331
321,332
321,334
321,338
321,339
321,340
321,341
321,342
321,343
321,346
321,347
321,352
322,260
322,262
322,263
322,264
322,265
322,267
322,268
322,269
322,270
322,274
322,276
322,284
322,285
322,287
322,288
322,289
322,290
322,291
322,292
322,293
322,295
322,297
322,299
322,302
322,304
322,307
322,313
322,315
322,316
322,317
322,319
322,320
322,325
322,329
322,331
322,332
322,333
322,335
322,337
322,338
322,341
322,342
322,343
322,344
322,345
322,346
322,347
322,348
322,349
322,350
322,351
323,257
323,260
323,262
323,263
323,264
323,265
323,267
323,268
323,270
323,271
323,273
323,274
323,275
323,276
323,277
323,278
323,281
323,282
323,290
323,291
323,293
323,294
323,296
323,297
323,299
323,300
323,301
323,302
323,305
323,306
323,307
323,308
323,309
323,312
323,314
323,316
323,322
323,323
323,326
323,327
323,329
323,331
323,335
323,336
323,337
323,339
323,340
323,341
323,345
323,346
323,347
323,348
323,349
323,350
323,351
323,352
323,353
324,262
324,263
324,264
324,265
324,266
324,267
324,268
324,269
324,270
324,272
324,273
324,274
324,276
324,279
324,280
324,281
324,282
324,283
324,284
324,286
324,287
324,289
324,290
324,292
324,294
324,295
324,299
324,300
324,301
324,303
324,304
324,308
324,310
324,312
324,313
324,314
324,317
324,318
324,320
324,321
324,323
324,325
324,328
324,330
324,331
324,332
324,333
324,335
324,337
324,338
324,339
324,341
324,344
324,347
324,349
324,350
324,351
324,352
325,261
325,262
325,263
325,264
325,265
325,267
325,271
325,272
325,273
325,274
325,275
325,276
325,278
325,281
325,282
325,283
325,284
325,287
325,291
325,292
325,293
325,294
325,296
325,298
325,301
325,303
325,304
325,305
325,308
325,309
325,310
325,311
325,313
325,314
325,315
325,316
325,318
325,323
325,324
325,325
325,328
325,329
325,331
325,336
325,337
325,338
325,339
325,340
325,341
325,342
325,343
325,345
325,346
325,348
325,349
325,350
325,351
325,352
325,353
325,354
326,262
326,263
326,266
326,273
326,274
326,275
326,276
326,277
326,278
326,279
326,280
326,281
326,282
326,284
326,286
326,288
326,292
326,293
326,294
326,296
326,298
326,300
326,302
326,303
326,304
326,306
326,308
326,309
326,310
326,311
326,313
326,314
326,316
326,317
326,320
326,321
326,324
326,327
326,329
326,331
326,334
326,336
326,339
326,340
326,341
326,342
326,343
326,344
326,345
326,346
326,347
326,348
326,349
327,265
327,272
327,273
327,275
327,277
327,278
327,281
327,284
327,285
327,286
327,288
327,289
327,290
327,292
327,297
327,299
327,302
327,303
327,305
327,306
327,308
327,309
327,310
327,315
327,316
327,319
327,320
327,322
327,323
327,329
327,331
327,332
327,335
327,336
327,339
327,345
327,346
327,347
327,348
328,271
328,272
328,275
328,276
328,277
328,278
328,281
328,283
328,284
328,289
328,290
328,291
328,292
328,293
328,294
328,295
328,296
328,297
328,298
328,300
328,301
328,302
328,308
328,309
328,310
328,314
328,315
328,316
328,317
328,319
328,320
328,321
328,322
328,323
328,325
328,327
328,329
328,331
328,333
328,335
328,337
328,339
328,341
329,274
329,275
329,276
329,277
329,278
329,279
329,280
329,288
329,289
329,290
329,293
329,294
329,295
329,296
329,298
329,300
329,301
329,302
329,303
329,306
329,312
329,313
329,316
329,317
329,322
329,323
329,325
329,326
329,327
329,333
329,335
330,271
330,272
330,273
330,274
330,275
330,276
330,277
330,278
330,279
330,280
330,285
330,288
330,296
330,300
330,301
330,302
330,304
330,305
330,310
330,312
330,314
330,316
330,317
330,318
330,319
330,320
330,321
330,322
330,324
330,325
330,326
330,327
331,271
331,272
331,273
331,274
331,275
331,276
331,277
331,278
331,279
331,280
331,282
331,284
331,286
331,287
331,289
331,291
331,292
331,297
331,299
331,302
331,304
331,305
331,306
331,307
331,309
331,311
331,313
331,314
331,315
331,317
331,318
331,321
331,322
331,323
331,324
331,325
331,332
331,333
332,272
332,273
332,274
332,275
332,276
332,277
332,278
332,279
332,280
332,284
332,285
332,286
332,287
332,288
332,289
332,290
332,294
332,295
332,302
332,303
332,304
332,305
332,306
332,307
332,309
332,310
332,311
332,312
332,314
332,315
332,316
332,317
332,318
332,319
332,320
332,321
332,323
332,330
332,333
333,273
333,274
333,275
333,276
333,277
333,278
333,279
333,280
333,282
333,284
333,285
333,286
333,289
333,290
333,301
333,304
333,306
333,319
333,320
333,321
333,322
333,323
333,324
333,325
333,326
333,327
333,328
333,331
333,332
333,333
333,334
333,335
333,336
333,337
334,275
334,280
334,282
334,284
334,285
334,287
334,288
334,289
334,291
334,292
334,294
334,296
334,304
334,308
334,311
334,312
334,313
334,318
334,321
334,322
334,323
334,324
334,325
334,326
334,328
334,332
334,333
334,335
335,285
335,286
335,287
335,288
335,289
335,291
335,303
335,304
335,311
335,312
335,318
335,320
335,321
335,322
335,323
335,324
335,325
335,326
335,327
335,328
335,332
335,333
335,334
336,290
336,291
336,292
336,316
336,317
336,318
336,319
336,320
336,321
336,322
336,323
336,324
337,290
337,291
337,305
337,318
337,319
337,320
337,322
338,291
338,292
338,293
338,305
339,305
339,307
339,308
