256,313
257,312
257,313
257,314
257,315
258,292
258,293
258,294
258,295
258,304
258,305
258,309
258,310
258,311
258,312
258,313
258,314
258,316
258,317
259,289
259,290
259,291
259,292
259,293
259,294
259,295
259,296
259,297
259,298
259,300
259,301
259,302
259,303
259,304
259,309
259,310
259,311
259,312
259,314
259,316
259,317
259,318
259,319
260,290
260,291
260,292
260,293
260,294
260,295
260,296
260,297
260,298
260,299
260,300
260,301
260,304
260,305
260,311
260,312
260,314
260,315
260,316
260,317
260,318
260,319
261,289
261,290
261,291
261,292
261,293
261,294
261,295
261,296
261,297
261,298
261,300
261,301
261,302
261,303
261,304
261,305
261,311
261,312
261,313
261,314
261,315
261,317
261,319
261,320
262,288
262,289
262,290
262,291
262,292
262,293
262,294
262,295
262,296
262,297
262,298
262,301
262,302
262,305
262,311
262,312
262,313
262,314
262,315
262,316
262,317
262,318
262,319
262,320
262,322
262,323
262,324
263,283
263,285
263,286
263,287
263,288
263,289
263,290
263,291
263,292
263,293
263,294
263,295
263,296
263,297
263,299
263,302
263,303
263,304
263,310
263,311
263,312
263,313
263,314
263,315
263,316
263,317
263,318
263,320
263,321
263,322
263,323
263,324
263,325
264,284
264,285
264,286
264,287
264,288
264,289
264,290
264,291
264,292
264,293
264,294
264,295
264,296
264,297
264,300
264,301
264,302
264,303
264,304
264,309
264,311
264,312
264,313
264,314
264,315
264,316
264,317
264,318
264,319
264,320
264,321
264,322
264,323
264,324
264,325
265,284
265,285
265,286
265,287
265,288
265,290
265,292
265,294
265,295
265,296
265,297
265,301
265,302
265,303
265,304
265,305
265,309
265,312
265,313
265,314
265,315
265,316
265,317
265,318
265,320
265,321
265,322
265,323
265,324
265,325
266,284
266,285
266,286
266,287
266,288
266,294
266,295
266,297
266,299
266,300
266,301
266,302
266,303
266,304
266,305
266,310
266,311
266,313
266,315
266,316
266,318
266,319
266,320
266,321
266,322
266,323
266,324
266,325
266,326
266,327
267,284
267,285
267,287
267,288
267,289
267,293
267,294
267,295
267,296
267,297
267,298
267,299
267,300
267,301
267,302
267,303
267,304
267,305
267,309
267,310
267,311
267,312
267,313
267,315
267,316
267,317
267,318
267,319
267,320
267,321
267,322
267,323
267,324
267,325
267,326
267,327
267,328
267,329
268,274
268,283
268,284
268,285
268,286
268,287
268,288
268,289
268,290
268,292
268,294
268,295
268,299
268,301
268,302
268,303
268,305
268,306
268,307
268,309
268,310
268,311
268,312
268,313
268,314
268,315
268,316
268,317
268,319
268,320
268,321
268,322
268,323
268,324
268,325
268,326
268,327
268,330
268,332
268,333
269,274
269,275
269,277
269,284
269,285
269,295
269,298
269,299
269,300
269,302
269,303
269,305
269,306
269,307
269,308
269,310
269,311
269,312
269,313
269,315
269,316
269,317
269,319
269,320
269,321
269,322
269,323
269,325
269,326
269,327
269,329
269,330
269,331
269,332
269,333
269,334
269,335
270,269
270,270
270,275
270,276
270,277
270,283
270,284
270,288
270,290
270,291
270,293
270,295
270,296
270,297
270,299
270,300
270,302
270,303
270,304
270,305
270,308
270,309
270,310
270,311
270,312
270,313
270,314
270,315
270,316
270,318
270,319
270,320
270,321
270,322
270,323
270,324
270,325
270,326
270,327
270,328
270,329
270,330
270,331
270,332
270,333
270,334
270,336
271,267
271,268
271,269
271,270
271,274
271,275
271,276
271,277
271,278
271,279
271,282
271,284
271,285
271,291
271,293
271,294
271,295
271,296
271,297
271,299
271,300
271,301
271,303
271,305
271,307
271,308
271,309
271,311
271,312
271,313
271,314
271,315
271,316
271,317
271,318
271,320
271,321
271,322
271,323
271,324
271,325
271,326
271,327
271,328
271,329
271,330
271,331
271,332
271,333
271,334
271,335
271,336
271,337
271,338
271,339
272,263
272,268
272,269
272,270
272,271
272,275
272,276
272,277
272,278
272,279
272,280
272,281
272,291
272,293
272,294
272,295
272,297
272,298
272,299
272,300
272,301
272,302
272,303
272,304
272,306
272,307
272,309
272,310
272,311
272,312
272,313
272,314
272,315
272,317
272,320
272,321
272,323
272,324
272,325
272,326
272,327
272,329
272,330
272,331
272,332
272,333
272,334
272,335
272,336
272,337
272,338
272,339
273,262
273,263
273,264
273,265
273,266
273,267
273,268
273,269
273,270
273,271
273,274
273,275
273,276
273,278
273,279
273,280
273,281
273,282
273,288
273,289
273,295
273,296
273,298
273,299
273,300
273,303
273,308
273,310
273,311
273,312
273,313
273,314
273,315
273,317
273,318
273,319
273,320
273,321
273,322
273,323
273,324
273,325
273,326
273,327
273,328
273,329
273,330
273,331
273,332
273,333
273,334
273,335
273,336
273,338
273,339
273,340
274,262
274,263
274,264
274,265
274,266
274,267
274,268
274,270
274,271
274,273
274,274
274,275
274,276
274,277
274,278
274,279
274,280
274,281
274,282
274,287
274,295
274,296
274,297
274,298
274,301
274,306
274,307
274,308
274,310
274,311
274,314
274,315
274,316
274,318
274,319
274,321
274,322
274,323
274,324
274,327
274,328
274,329
274,330
274,331
274,333
274,335
274,336
274,338
274,339
274,340
274,341
275,260
275,261
275,262
275,263
275,264
275,266
275,267
275,269
275,271
275,272
275,273
275,274
275,275
275,276
275,277
275,278
275,279
275,280
275,281
275,282
275,283
275,284
275,285
275,287
275,293
275,294
275,295
275,296
275,297
275,300
275,302
275,306
275,309
275,310
275,311
275,312
275,313
275,317
275,318
275,320
275,321
275,324
275,325
275,326
275,327
275,328
275,329
275,330
275,331
275,332
275,333
275,334
275,335
275,336
275,337
275,338
275,341
275,342
276,262
276,263
276,264
276,265
276,266
276,267
276,268
276,269
276,270
276,271
276,272
276,273
276,274
276,275
276,276
276,277
276,278
276,280
276,281
276,282
276,284
276,285
276,289
276,290
276,294
276,304
276,305
276,307
276,308
276,309
276,311
276,312
276,313
276,314
276,315
276,316
276,317
276,318
276,319
276,320
276,322
276,324
276,326
276,327
276,330
276,331
276,333
276,335
276,336
276,337
276,338
276,339
276,340
276,341
276,342
277,261
277,262
277,263
277,264
277,265
277,266
277,267
277,268
277,269
277,271
277,272
277,274
277,275
277,276
277,277
277,279
277,280
277,281
277,284
277,285
277,290
277,294
277,295
277,303
277,306
277,307
277,309
277,310
277,312
277,313
277,314
277,317
277,320
277,321
277,322
277,323
277,324
277,325
277,327
277,328
277,329
277,330
277,332
277,334
277,335
277,336
277,337
277,338
277,339
277,341
277,342
277,343
277,344
277,345
277,346
278,259
278,260
278,261
278,262
278,263
278,264
278,265
278,266
278,267
278,268
278,269
278,270
278,271
278,272
278,273
278,274
278,275
278,277
278,278
278,280
278,281
278,282
278,283
278,285
278,286
278,287
278,288
278,292
278,296
278,303
278,306
278,307
278,309
278,311
278,312
278,313
278,314
278,315
278,316
278,317
278,318
278,320
278,321
278,322
278,323
278,325
278,327
278,328
278,329
278,330
278,332
278,333
278,334
278,336
278,337
278,338
278,339
278,340
278,341
278,342
278,343
278,344
278,345
278,346
278,347
279,258
279,259
279,260
279,261
279,262
279,263
279,264
279,265
279,266
279,267
279,268
279,270
279,271
279,272
279,273
279,274
279,275
279,276
279,278
279,280
279,281
279,282
279,283
279,286
279,288
279,290
279,295
279,296
279,299
279,303
279,305
279,306
279,307
279,308
279,309
279,310
279,313
279,314
279,315
279,316
279,317
279,318
279,319
279,320
279,322
279,323
279,324
279,325
279,326
279,327
279,328
279,329
279,330
279,331
279,332
279,333
279,334
279,336
279,339
279,340
279,341
279,342
279,343
279,344
279,345
279,346
279,347
279,348
279,349
279,350
279,354
279,355
280,259
280,260
280,261
280,262
280,263
280,265
280,266
280,267
280,268
280,269
280,270
280,271
280,272
280,273
280,274
280,275
280,276
280,277
280,278
280,280
280,282
280,283
280,284
280,286
280,287
280,289
280,290
280,297
280,299
280,300
280,302
280,305
280,306
280,308
280,309
280,310
280,312
280,314
280,315
280,316
280,320
280,321
280,322
280,324
280,326
280,327
280,329
280,330
280,331
280,333
280,335
280,336
280,337
280,338
280,339
280,340
280,341
280,342
280,343
280,344
280,346
280,347
280,348
280,349
280,350
280,351
280,353
280,354
280,355
280,356
280,357
281,260
281,261
281,262
281,263
281,266
281,267
281,268
281,269
281,271
281,272
281,273
281,275
281,276
281,277
281,279
281,281
281,282
281,284
281,285
281,286
281,288
281,289
281,292
281,293
281,296
281,297
281,303
281,305
281,307
281,308
281,309
281,310
281,312
281,313
281,315
281,316
281,319
281,320
281,321
281,322
281,323
281,324
281,325
281,326
281,327
281,328
281,329
281,330
281,333
281,334
281,335
281,336
281,337
281,338
281,339
281,340
281,341
281,342
281,343
281,344
281,346
281,347
281,348
281,349
281,351
281,354
281,355
281,357
281,358
281,359
282,255
282,258
282,260
282,261
282,262
282,264
282,266
282,267
282,268
282,269
282,271
282,272
282,274
282,276
282,277
282,278
282,279
282,281
282,283
282,284
282,285
282,287
282,288
282,289
282,293
282,294
282,295
282,296
282,297
282,302
282,304
282,305
282,306
282,307
282,308
282,310
282,311
282,312
282,313
282,314
282,315
282,318
282,319
282,320
282,322
282,325
282,327
282,328
282,329
282,330
282,331
282,332
282,333
282,334
282,335
282,336
282,339
282,340
282,341
282,343
282,344
282,345
282,346
282,347
282,348
282,349
282,350
282,351
282,353
282,354
282,355
282,356
282,357
282,358
282,359
282,360
282,361
283,254
283,255
283,256
283,257
283,258
283,261
283,262
283,263
283,264
283,265
283,267
283,268
283,269
283,270
283,271
283,275
283,277
283,280
283,292
283,294
283,296
283,299
283,303
283,304
283,305
283,306
283,307
283,310
283,313
283,316
283,317
283,322
283,324
283,325
283,326
283,327
283,328
283,329
283,330
283,331
283,332
283,334
283,335
283,336
283,337
283,338
283,339
283,340
283,341
283,342
283,344
283,345
283,346
283,347
283,349
283,350
283,353
283,354
283,355
283,356
283,357
283,359
283,360
283,361
283,362
284,255
284,256
284,257
284,258
284,259
284,261
284,262
284,263
284,264
284,265
284,266
284,267
284,268
284,269
284,270
284,271
284,272
284,275
284,276
284,277
284,278
284,286
284,291
284,292
284,295
284,298
284,300
284,302
284,305
284,307
284,308
284,309
284,310
284,314
284,316
284,317
284,318
284,320
284,321
284,323
284,324
284,325
284,327
284,328
284,329
284,330
284,331
284,332
284,334
284,336
284,337
284,338
284,340
284,341
284,342
284,343
284,344
284,345
284,346
284,347
284,348
284,349
284,351
284,353
284,354
284,355
284,356
284,357
284,358
284,359
284,360
285,254
285,255
285,256
285,257
285,258
285,259
285,261
285,262
285,263
285,264
285,265
285,268
285,269
285,271
285,272
285,273
285,274
285,275
285,276
285,277
285,284
285,285
285,290
285,292
285,295
285,302
285,305
285,306
285,311
285,312
285,315
285,316
285,317
285,319
285,323
285,327
285,328
285,329
285,330
285,332
285,333
285,335
285,337
285,338
285,339
285,341
285,342
285,343
285,344
285,346
285,347
285,348
285,349
285,350
285,351
285,352
285,353
285,354
285,355
285,356
285,357
285,358
285,359
285,360
286,252
286,253
286,254
286,255
286,256
286,257
286,258
286,259
286,260
286,261
286,262
286,263
286,264
286,265
286,267
286,268
286,269
286,270
286,271
286,272
286,275
286,277
286,278
286,281
286,284
286,285
286,287
286,290
286,291
286,294
286,295
286,297
286,298
286,301
286,302
286,303
286,304
286,305
286,306
286,307
286,308
286,309
286,311
286,312
286,320
286,324
286,325
286,326
286,327
286,328
286,329
286,330
286,332
286,334
286,335
286,337
286,338
286,339
286,340
286,341
286,342
286,343
286,345
286,346
286,347
286,349
286,350
286,352
286,353
286,354
286,355
286,356
286,357
286,358
286,359
286,360
286,361
286,362
287,253
287,254
287,255
287,256
287,257
287,258
287,259
287,260
287,262
287,263
287,264
287,265
287,266
287,267
287,268
287,270
287,272
287,273
287,274
287,276
287,277
287,281
287,282
287,286
287,288
287,289
287,291
287,293
287,295
287,298
287,299
287,301
287,303
287,308
287,310
287,311
287,312
287,314
287,316
287,318
287,321
287,322
287,325
287,326
287,328
287,330
287,332
287,337
287,338
287,339
287,340
287,341
287,344
287,346
287,347
287,348
287,350
287,351
287,352
287,353
287,354
287,355
287,356
287,357
287,358
287,359
287,360
288,255
288,256
288,258
288,259
288,260
288,263
288,264
288,265
288,268
288,269
288,270
288,273
288,274
288,275
288,277
288,280
288,281
288,282
288,286
288,287
288,289
288,292
288,294
288,300
288,301
288,308
288,309
288,310
288,312
288,315
288,320
288,324
288,325
288,326
288,327
288,328
288,330
288,332
288,333
288,335
288,336
288,337
288,338
288,341
288,342
288,343
288,344
288,347
288,349
288,350
288,351
288,352
288,353
288,355
288,356
288,357
288,359
288,360
288,361
289,253
289,254
289,255
289,256
289,257
289,258
289,260
289,261
289,263
289,264
289,266
289,267
289,268
289,271
289,272
289,274
289,279
289,280
289,282
289,290
289,291
289,292
289,294
289,299
289,301
289,302
289,303
289,304
289,308
289,312
289,314
289,315
289,316
289,318
289,319
289,320
289,321
289,323
289,325
289,327
289,329
289,330
289,331
289,333
289,336
289,337
289,338
289,341
289,343
289,345
289,347
289,348
289,350
289,351
289,352
289,353
289,354
289,357
289,358
289,359
289,360
289,361
290,254
290,255
290,256
290,257
290,258
290,259
290,260
290,261
290,262
290,263
290,264
290,266
290,267
290,268
290,269
290,270
290,271
290,272
290,273
290,275
290,276
290,277
290,278
290,279
290,282
290,283
290,284
290,285
290,290
290,292
290,293
290,297
290,299
290,301
290,303
290,307
290,308
290,309
290,310
290,311
290,312
290,313
290,314
290,318
290,321
290,322
290,324
290,325
290,327
290,329
290,330
290,331
290,333
290,334
290,335
290,339
290,340
290,341
290,342
290,344
290,345
290,349
290,350
290,351
290,353
290,354
290,355
290,356
290,357
290,358
290,359
290,361
291,257
291,258
291,259
291,260
291,262
291,263
291,264
291,265
291,266
291,267
291,269
291,270
291,272
291,278
291,279
291,281
291,283
291,288
291,295
291,296
291,297
291,298
291,299
291,300
291,302
291,303
291,305
291,306
291,307
291,310
291,311
291,315
291,317
291,318
291,319
291,320
291,321
291,323
291,325
291,326
291,327
291,328
291,329
291,330
291,332
291,334
291,335
291,336
291,337
291,340
291,341
291,342
291,343
291,344
291,346
291,348
291,349
291,350
291,351
291,352
291,354
291,355
291,356
291,357
291,358
291,359
291,360
291,361
291,363
291,364
291,365
291,366
292,255
292,260
292,261
292,262
292,264
292,265
292,266
292,267
292,268
292,269
292,270
292,271
292,272
292,274
292,275
292,276
292,278
292,279
292,280
292,281
292,282
292,284
292,286
292,290
292,292
292,294
292,297
292,299
292,300
292,301
292,303
292,304
292,307
292,310
292,312
292,313
292,314
292,317
292,320
292,321
292,323
292,324
292,325
292,327
292,328
292,329
292,330
292,332
292,333
292,334
292,335
292,337
292,338
292,339
292,340
292,343
292,346
292,347
292,349
292,350
292,351
292,352
292,353
292,354
292,356
292,357
292,358
292,359
292,360
292,361
292,362
292,363
292,364
292,365
292,366
292,367
293,254
293,257
293,258
293,261
293,263
293,264
293,265
293,266
293,267
293,268
293,269
293,270
293,274
293,275
293,280
293,281
293,282
293,284
293,285
293,286
293,287
293,288
293,291
293,292
293,295
293,296
293,298
293,299
293,300
293,302
293,303
293,304
293,305
293,307
293,311
293,312
293,313
293,316
293,318
293,319
293,321
293,322
293,325
293,327
293,328
293,331
293,336
293,338
293,339
293,340
293,342
293,343
293,344
293,345
293,346
293,347
293,349
293,350
293,351
293,353
293,354
293,355
293,357
293,358
293,359
293,360
293,361
293,362
293,363
293,364
293,365
294,258
294,262
294,268
294,269
294,271
294,272
294,275
294,277
294,278
294,279
294,280
294,281
294,282
294,286
294,292
294,293
294,295
294,297
294,303
294,313
294,319
294,320
294,321
294,323
294,325
294,326
294,328
294,329
294,332
294,333
294,334
294,336
294,338
294,340
294,341
294,342
294,344
294,345
294,346
294,348
294,349
294,350
294,351
294,352
294,353
294,354
294,356
294,357
294,358
294,359
294,360
294,361
294,362
294,363
294,364
295,256
295,257
295,267
295,268
295,270
295,276
295,278
295,282
295,283
295,288
295,289
295,290
295,292
295,293
295,294
295,295
295,296
295,297
295,298
295,304
295,305
295,306
295,308
295,309
295,310
295,313
295,317
295,318
295,320
295,321
295,322
295,323
295,324
295,325
295,327
295,329
295,330
295,332
295,334
295,336
295,337
295,338
295,341
295,342
295,343
295,344
295,347
295,348
295,349
295,351
295,352
295,353
295,354
295,355
295,356
295,357
295,358
295,359
295,360
295,361
295,362
295,363
295,364
295,365
295,366
296,251
296,258
296,259
296,261
296,265
296,266
296,271
296,272
296,275
296,282
296,283
296,285
296,287
296,288
296,289
296,290
296,291
296,293
296,295
296,298
296,299
296,300
296,303
296,307
296,309
296,310
296,316
296,320
296,323
296,324
296,326
296,328
296,331
296,332
296,333
296,335
296,336
296,337
296,338
296,339
296,340
296,341
296,342
296,343
296,345
296,348
296,349
296,350
296,354
296,355
296,356
296,357
296,358
296,359
296,360
296,361
296,362
296,363
296,364
297,252
297,257
297,259
297,265
297,273
297,277
297,278
297,279
297,281
297,283
297,284
297,285
297,288
297,293
297,294
297,295
297,296
297,299
297,302
297,303
297,305
297,306
297,315
297,316
297,317
297,320
297,322
297,323
297,324
297,327
297,328
297,331
297,332
297,334
297,339
297,340
297,342
297,344
297,347
297,348
297,350
297,351
297,352
297,354
297,355
297,356
297,357
297,358
297,360
297,361
297,362
297,363
298,258
298,260
298,261
298,266
298,267
298,268
298,269
298,270
298,271
298,272
298,275
298,281
298,282
298,284
298,285
298,289
298,291
298,295
298,300
298,301
298,302
298,303
298,305
298,306
298,307
298,310
298,312
298,315
298,316
298,318
298,320
298,321
298,324
298,326
298,330
298,333
298,335
298,336
298,338
298,339
298,340
298,341
298,342
298,343
298,344
298,345
298,346
298,347
298,350
298,351
298,352
298,356
298,358
298,359
298,360
298,361
298,362
298,363
298,364
298,365
298,367
299,253
299,261
299,264
299,267
299,268
299,269
299,272
299,273
299,274
299,276
299,277
299,279
299,281
299,284
299,287
299,290
299,292
299,293
299,295
299,296
299,297
299,298
299,300
299,302
299,306
299,308
299,309
299,312
299,317
299,319
299,321
299,322
299,325
299,327
299,328
299,329
299,331
299,332
299,333
299,336
299,338
299,339
299,340
299,341
299,342
299,344
299,345
299,348
299,349
299,350
299,352
299,356
299,357
299,358
299,359
299,360
299,361
299,362
299,363
299,364
299,365
299,367
300,255
300,257
300,265
300,268
300,270
300,272
300,273
300,274
300,275
300,278
300,281
300,283
300,284
300,285
300,288
300,292
300,294
300,295
300,296
300,299
300,300
300,301
300,302
300,303
300,305
300,306
300,308
300,309
300,313
300,318
300,322
300,323
300,324
300,325
300,327
300,329
300,331
300,332
300,333
300,334
300,335
300,336
300,337
300,338
300,340
300,342
300,344
300,345
300,346
300,347
300,348
300,350
300,351
300,352
300,354
300,356
300,357
300,360
300,361
300,362
300,363
300,364
300,365
300,366
300,367
300,368
300,369
300,370
301,252
301,263
301,264
301,265
301,266
301,267
301,268
301,269
301,271
301,272
301,273
301,277
301,278
301,281
301,282
301,285
301,287
301,288
301,293
301,295
301,296
301,297
301,301
301,304
301,306
301,309
301,310
301,311
301,313
301,314
301,315
301,323
301,325
301,326
301,327
301,331
301,332
301,335
301,337
301,339
301,340
301,341
301,342
301,343
301,344
301,345
301,347
301,349
301,350
301,352
301,355
301,356
301,357
301,358
301,359
301,360
301,362
301,363
301,364
301,365
301,366
301,367
301,368
302,257
302,266
302,267
302,270
302,271
302,272
302,273
302,274
302,276
302,277
302,278
302,279
302,287
302,288
302,290
302,292
302,294
302,295
302,300
302,301
302,305
302,306
302,307
302,308
302,312
302,314
302,315
302,318
302,323
302,327
302,329
302,333
302,335
302,338
302,339
302,342
302,343
302,344
302,346
302,348
302,349
302,353
302,354
302,355
302,356
302,357
302,358
302,359
302,362
302,363
302,365
302,366
302,367
302,368
302,369
303,261
303,263
303,265
303,266
303,267
303,269
303,270
303,271
303,272
303,274
303,275
303,276
303,277
303,279
303,280
303,283
303,284
303,285
303,286
303,290
303,292
303,293
303,296
303,297
303,307
303,308
303,311
303,313
303,314
303,316
303,320
303,322
303,325
303,326
303,328
303,329
303,346
303,348
303,351
303,353
303,354
303,356
303,357
303,358
303,360
303,361
303,362
303,363
303,364
303,365
303,366
303,367
303,368
304,265
304,267
304,273
304,274
304,275
304,277
304,283
304,285
304,286
304,287
304,288
304,290
304,292
304,294
304,295
304,296
304,299
304,305
304,308
304,311
304,312
304,315
304,320
304,321
304,325
304,329
304,349
304,350
304,353
304,354
304,362
304,363
304,364
304,365
304,366
304,367
305,261
305,266
305,267
305,271
305,272
305,277
305,283
305,285
305,289
305,290
305,291
305,292
305,297
305,299
305,300
305,310
305,313
305,314
305,316
305,318
305,319
305,324
305,331
305,333
305,335
305,336
305,337
305,339
305,341
305,343
305,358
305,362
305,363
305,364
305,365
305,366
306,258
306,263
306,264
306,275
306,277
306,278
306,279
306,281
306,282
306,283
306,285
306,291
306,295
306,296
306,297
306,300
306,302
306,306
306,307
306,311
306,313
306,315
306,320
306,324
306,326
306,328
306,330
306,331
306,333
306,334
306,336
306,339
306,340
306,342
306,344
306,347
306,353
307,270
307,284
307,285
307,286
307,291
307,295
307,296
307,299
307,304
307,305
307,313
307,314
307,317
307,319
307,320
307,322
307,328
307,332
307,333
307,336
307,341
307,348
307,362
308,262
308,263
308,266
308,270
308,276
308,278
308,279
308,284
308,285
308,287
308,289
308,291
308,294
308,298
308,303
308,304
308,306
308,309
308,314
308,317
308,320
308,321
308,322
308,324
308,326
308,328
308,330
308,331
308,332
308,333
308,336
308,338
308,339
308,341
308,346
308,351
308,352
308,362
309,251
309,256
309,258
309,259
309,260
309,261
309,263
309,267
309,278
309,280
309,283
309,284
309,287
309,290
309,295
309,296
309,297
309,302
309,303
309,309
309,310
309,311
309,317
309,318
309,319
309,320
309,322
309,323
309,324
309,325
309,326
309,327
309,328
309,329
309,330
309,338
309,343
309,345
309,361
309,362
310,249
310,250
310,253
310,254
310,255
310,256
310,257
310,258
310,259
310,261
310,265
310,269
310,273
310,274
310,275
310,276
310,277
310,280
310,281
310,287
310,292
310,293
310,294
310,300
310,301
310,304
310,308
310,313
310,324
310,325
310,327
310,334
310,335
310,336
310,341
310,344
310,348
310,349
310,350
311,248
311,249
311,250
311,251
311,252
311,253
311,255
311,256
311,258
311,259
311,260
311,262
311,263
311,265
311,266
311,270
311,272
311,273
311,274
311,276
311,284
311,285
311,289
311,295
311,299
311,300
311,301
311,304
311,307
311,310
311,313
311,316
311,319
311,326
311,327
311,328
311,330
311,333
311,334
311,336
311,337
311,340
311,341
311,342
311,344
311,345
311,346
311,347
311,348
311,349
311,350
311,351
312,248
312,249
312,250
312,251
312,252
312,253
312,254
312,257
312,259
312,260
312,261
312,262
312,264
312,265
312,268
312,271
312,272
312,273
312,274
312,275
312,277
312,278
312,281
312,282
312,285
312,287
312,291
312,298
312,302
312,304
312,306
312,311
312,314
312,315
312,316
312,319
312,322
312,323
312,326
312,328
312,329
312,330
312,332
312,333
312,334
312,335
312,338
312,339
312,340
312,341
312,342
312,343
312,344
312,345
312,346
312,347
312,349
312,350
312,351
312,352
312,353
313,248
313,249
313,250
313,251
313,252
313,253
313,254
313,255
313,256
313,257
313,258
313,259
313,260
313,261
313,262
313,263
313,265
313,266
313,268
313,269
313,271
313,272
313,274
313,276
313,278
313,279
313,281
313,286
313,292
313,294
313,295
313,296
313,301
313,302
313,304
313,307
313,308
313,309
313,312
313,314
313,317
313,319
313,320
313,322
313,326
313,328
313,329
313,332
313,333
313,334
313,335
313,337
313,339
313,341
313,342
313,343
313,344
313,345
313,346
313,348
313,349
313,350
313,351
313,352
313,353
314,250
314,251
314,252
314,253
314,254
314,255
314,256
314,257
314,258
314,259
314,260
314,261
314,262
314,263
314,264
314,265
314,266
314,267
314,268
314,269
314,271
314,272
314,273
314,274
314,275
314,277
314,278
314,280
314,283
314,292
314,293
314,294
314,295
314,296
314,298
314,300
314,302
314,305
314,310
314,311
314,312
314,313
314,314
314,316
314,318
314,319
314,320
314,321
314,322
314,324
314,327
314,328
314,330
314,332
314,335
314,336
314,337
314,339
314,341
314,343
314,344
314,345
314,346
314,348
314,349
314,350
314,351
314,352
314,354
315,249
315,250
315,251
315,252
315,253
315,255
315,256
315,258
315,259
315,260
315,261
315,262
315,263
315,265
315,268
315,269
315,271
315,272
315,273
315,274
315,275
315,277
315,279
315,281
315,282
315,284
315,286
315,291
315,295
315,298
315,299
315,300
315,302
315,303
315,308
315,310
315,313
315,316
315,318
315,325
315,326
315,327
315,328
315,329
315,330
315,331
315,332
315,333
315,334
315,335
315,336
315,337
315,338
315,341
315,342
315,345
315,346
315,347
315,348
315,349
315,350
315,352
315,354
315,355
315,356
316,250
316,251
316,252
316,254
316,255
316,256
316,257
316,258
316,259
316,260
316,261
316,262
316,263
316,265
316,267
316,269
316,270
316,273
316,280
316,282
316,289
316,291
316,292
316,293
316,294
316,297
316,298
316,302
316,307
316,313
316,314
316,316
316,317
316,319
316,320
316,322
316,323
316,324
316,325
316,326
316,327
316,328
316,330
316,331
316,335
316,337
316,339
316,340
316,342
316,344
316,345
316,346
316,347
316,348
316,349
316,350
316,351
316,352
316,353
316,354
316,355
316,356
317,254
317,255
317,256
317,258
317,259
317,260
317,261
317,262
317,263
317,264
317,265
317,266
317,267
317,268
317,270
317,272
317,273
317,274
317,278
317,280
317,281
317,282
317,285
317,291
317,292
317,293
317,295
317,296
317,298
317,299
317,300
317,301
317,304
317,305
317,312
317,314
317,318
317,319
317,321
317,322
317,323
317,324
317,325
317,327
317,328
317,330
317,334
317,335
317,336
317,337
317,338
317,339
317,342
317,343
317,344
317,345
317,347
317,348
317,349
317,350
317,351
317,352
317,353
317,355
317,356
318,254
318,255
318,256
318,257
318,258
318,259
318,260
318,261
318,262
318,263
318,265
318,266
318,267
318,268
318,269
318,270
318,271
318,273
318,274
318,280
318,284
318,285
318,288
318,289
318,290
318,291
318,292
318,293
318,297
318,299
318,302
318,306
318,307
318,308
318,309
318,314
318,315
318,316
318,317
318,318
318,319
318,322
318,323
318,324
318,325
318,326
318,328
318,329
318,331
318,333
318,334
318,335
318,337
318,338
318,339
318,343
318,345
318,346
318,347
318,348
318,349
318,350
318,352
318,353
318,354
319,253
319,254
319,255
319,256
319,257
319,258
319,259
319,260
319,262
319,263
319,264
319,265
319,266
319,267
319,268
319,269
319,270
319,271
319,277
319,278
319,279
319,280
319,281
319,286
319,290
319,292
319,293
319,294
319,296
319,297
319,299
319,301
319,302
319,303
319,309
319,310
319,311
319,316
319,317
319,319
319,321
319,322
319,323
319,324
319,326
319,327
319,328
319,330
319,331
319,333
319,335
319,338
319,339
319,340
319,341
319,342
319,343
319,344
319,345
319,346
319,347
319,348
319,349
319,350
319,351
319,352
319,353
319,354
319,355
320,256
320,257
320,258
320,259
320,261
320,262
320,263
320,264
320,266
320,267
320,268
320,269
320,270
320,271
320,280
320,286
320,291
320,292
320,293
320,294
320,295
320,297
320,300
320,303
320,305
320,308
320,311
320,315
320,318
320,319
320,321
320,325
320,327
320,328
320,329
320,330
320,331
320,332
320,333
320,334
320,335
320,337
320,338
320,340
320,343
320,345
320,346
320,347
320,348
320,349
320,350
320,351
320,352
320,353
320,354
320,355
321,259
321,260
321,261
321,262
321,263
321,264
321,265
321,266
321,267
321,269
321,270
321,272
321,274
321,277
321,287
321,288
321,289
321,290
321,292
321,293
321,294
321,298
321,300
321,304
321,305
321,306
321,308
321,315
321,317
321,318
321,319
321,321
321,329
321,331
321,336
321,337
321,338
321,341
321,342
321,343
321,344
321,345
321,346
321,347
321,348
321,349
321,351
321,352
321,353
321,354
321,355
322,261
322,262
322,263
322,264
322,265
322,266
322,267
322,268
322,275
322,276
322,279
322,281
322,285
322,286
322,287
322,288
322,289
322,290
322,291
322,292
322,293
322,294
322,297
322,298
322,299
322,301
322,302
322,303
322,306
322,308
322,311
322,313
322,317
322,318
322,319
322,323
322,324
322,326
322,327
322,328
322,331
322,332
322,334
322,337
322,339
322,343
322,344
322,345
322,346
322,347
322,348
322,350
322,351
322,352
322,353
322,354
323,261
323,262
323,263
323,264
323,265
323,266
323,267
323,268
323,286
323,287
323,288
323,289
323,290
323,293
323,296
323,299
323,306
323,308
323,309
323,311
323,312
323,319
323,320
323,321
323,323
323,324
323,326
323,329
323,332
323,333
323,335
323,336
323,337
323,340
323,341
323,342
323,343
323,344
323,345
323,346
323,347
323,348
323,349
323,350
323,351
323,352
323,353
324,262
324,263
324,264
324,265
324,267
324,268
324,272
324,273
324,282
324,286
324,287
324,289
324,290
324,298
324,300
324,301
324,303
324,306
324,312
324,317
324,319
324,322
324,324
324,325
324,326
324,327
324,328
324,329
324,330
324,331
324,332
324,333
324,334
324,335
324,337
324,338
324,339
324,340
324,341
324,342
324,343
324,344
324,345
324,346
324,348
324,349
324,350
324,351
324,352
324,353
324,354
324,355
324,356
325,262
325,263
325,264
325,265
325,266
325,267
325,268
325,273
325,283
325,284
325,285
325,287
325,289
325,300
325,302
325,311
325,314
325,317
325,320
325,321
325,322
325,323
325,324
325,325
325,327
325,328
325,329
325,331
325,336
325,337
325,338
325,339
325,340
325,341
325,342
325,343
325,344
325,345
325,346
325,348
325,349
325,350
325,351
325,352
325,353
325,354
325,355
325,356
325,357
326,264
326,265
326,266
326,271
326,281
326,282
326,283
326,284
326,285
326,286
326,287
326,288
326,289
326,290
326,293
326,296
326,298
326,301
326,302
326,304
326,306
326,310
326,318
326,319
326,320
326,321
326,322
326,324
326,325
326,326
326,327
326,328
326,329
326,333
326,334
326,335
326,336
326,337
326,338
326,339
326,340
326,341
326,342
326,343
326,344
326,345
326,347
326,352
326,353
326,354
326,355
327,265
327,271
327,278
327,281
327,282
327,285
327,286
327,287
327,288
327,296
327,297
327,300
327,301
327,303
327,306
327,308
327,310
327,312
327,313
327,317
327,319
327,322
327,323
327,325
327,326
327,327
327,328
327,330
327,331
327,335
327,336
327,337
327,338
327,339
327,340
327,341
327,342
327,343
327,344
327,345
327,353
328,278
328,281
328,282
328,284
328,287
328,291
328,293
328,299
328,302
328,304
328,306
328,310
328,311
328,322
328,323
328,324
328,325
328,326
328,327
328,330
328,332
328,333
328,334
328,335
328,336
328,337
328,338
328,339
328,340
328,343
328,344
328,345
328,346
328,347
329,281
329,282
329,283
329,284
329,295
329,304
329,306
329,309
329,310
329,311
329,312
329,314
329,315
329,317
329,321
329,322
329,323
329,324
329,327
329,328
329,332
329,333
329,335
329,337
329,338
329,339
329,340
329,342
329,343
329,344
329,345
329,346
329,347
330,281
330,283
330,301
330,303
330,305
330,306
330,307
330,308
330,309
330,310
330,311
330,312
330,313
330,317
330,321
330,322
330,323
330,324
330,325
330,326
330,327
330,328
330,329
330,330
330,331
330,333
330,335
330,336
330,337
330,338
330,339
330,340
330,341
330,342
330,343
330,344
330,345
331,281
331,282
331,283
331,288
331,293
331,303
331,304
331,306
331,307
331,309
331,312
331,321
331,322
331,323
331,324
331,325
331,326
331,327
331,328
331,329
331,330
331,331
331,332
331,333
331,334
331,335
331,336
331,337
331,338
331,339
331,340
331,341
331,342
331,343
331,344
331,345
332,280
332,281
332,282
332,283
332,288
332,296
332,299
332,301
332,302
332,303
332,304
332,307
332,308
332,309
332,310
332,312
332,313
332,316
332,321
332,322
332,325
332,332
332,333
332,334
332,335
332,337
332,338
332,340
332,341
332,342
333,280
333,281
333,283
333,286
333,291
333,292
333,295
333,297
333,299
333,307
333,308
333,311
333,312
333,313
333,314
333,315
333,317
333,318
333,319
333,321
333,322
333,331
333,332
333,333
333,334
333,335
333,336
333,337
333,338
333,339
333,341
334,289
334,292
334,300
334,304
334,307
334,308
334,309
334,310
334,311
334,312
334,315
334,316
334,317
334,318
334,319
334,320
334,321
334,322
334,323
334,335
334,336
334,338
334,339
334,340
334,341
335,294
335,296
335,302
335,304
335,306
335,307
335,308
335,309
335,310
335,312
335,314
335,315
335,316
335,317
335,318
335,319
335,320
335,321
335,322
335,323
335,326
335,334
335,335
335,336
335,337
335,338
335,339
336,305
336,306
336,307
336,308
336,309
336,310
336,312
336,313
336,314
336,315
336,316
336,317
336,318
336,319
336,320
336,322
336,323
336,334
336,336
336,337
337,305
337,307
337,308
337,309
337,310
337,311
337,312
337,313
337,315
337,316
337,317
337,318
337,319
338,289
338,294
338,303
338,305
338,308
338,309
338,310
338,311
338,312
338,313
338,314
338,315
338,316
338,317
339,286
339,287
339,288
339,289
339,290
339,291
339,293
339,295
339,305
339,306
339,311
339,312
339,313
339,314
339,315
339,316
340,286
340,287
340,288
340,289
340,290
340,291
340,292
340,311
340,312
340,315
341,286
341,287
341,288
341,289
341,290
341,291
341,292
342,288
342,291
342,292
